id,longitude,latitude,seg_bits,scale_id,scale,cap_spring,cap_summer,cap_autumn,cap_winter,build_cost_usd,op_cost_usd_for_4seasons,is_active_solve
0,113.19168819995048,22.68346580020659,000,0,NONE,0,0,0,0,0,0.0,0
1,113.19155129975276,22.683460399777687,000,0,NONE,0,0,0,0,0,0.0,0
2,113.18665779981768,22.689209199944685,010,2,M,15872,15360,15872,15360,179984,4211.172602739726,1
3,113.1920611002397,22.686595199908595,010,2,M,15872,15360,15872,15360,179984,4211.172602739726,1
4,113.19345549997138,22.689249500364213,000,0,NONE,0,0,0,0,0,0.0,0
5,113.1916092997294,22.68888160030565,000,0,NONE,0,0,0,0,0,0.0,0
6,113.1929936000746,22.6909960997902,010,2,M,15872,15360,15872,15360,179984,4211.172602739726,1
7,113.2649686996458,22.739629700350463,000,0,NONE,0,0,0,0,0,0.0,0
8,113.26538610018838,22.74052199959067,000,0,NONE,0,0,0,0,0,0.0,1
9,113.2666677995793,22.74107420041406,000,0,NONE,0,0,0,0,0,0.0,0
10,113.2690703995794,22.74224280016517,000,0,NONE,0,0,0,0,0,0.0,1
11,113.26589670017268,22.744672699985188,000,0,NONE,0,0,0,0,0,0.0,1
12,113.26352550000183,22.74594120002644,000,0,NONE,0,0,0,0,0,0.0,1
13,112.43401139960643,22.716093599739903,001,3,L,23808,23040,23808,23040,269976,6316.591780821918,1
14,112.4382877002173,22.721233899724723,000,0,NONE,0,0,0,0,0,0.0,1
15,112.43431619963292,22.71701059975942,000,0,NONE,0,0,0,0,0,0.0,0
16,112.44521320032902,22.71882159963718,000,0,NONE,0,0,0,0,0,0.0,1
17,112.44407059997832,22.725622799952305,000,0,NONE,0,0,0,0,0,0.0,1
18,112.44127029998448,22.72338380012235,000,0,NONE,0,0,0,0,0,0.0,1
19,112.4438292003574,22.725714299675246,000,0,NONE,0,0,0,0,0,0.0,0
20,112.43262019966257,22.72323540029356,000,0,NONE,0,0,0,0,0,0.0,0
21,112.44063879964096,22.723851100447973,001,3,L,23808,23040,23808,23040,269976,6316.591780821918,1
22,112.42935060015007,22.72397509987104,100,1,S,7936,7680,7936,7680,89992,2105.419178082192,1
23,112.46298829967031,22.74855420001637,000,0,NONE,0,0,0,0,0,0.0,0
24,112.46153439989268,22.749210199690992,001,3,L,23808,23040,23808,23040,269976,6316.591780821918,1
25,112.39247539971996,22.729058200275745,000,0,NONE,0,0,0,0,0,0.0,0
26,112.3924546001997,22.72914590036305,000,0,NONE,0,0,0,0,0,0.0,1
27,112.57698990016377,22.78516179997712,100,1,S,7936,7680,7936,7680,89992,2105.419178082192,1
28,112.56559680015232,22.786824599675583,100,1,S,7936,7680,7936,7680,89992,2105.419178082192,1
29,112.5630802002911,22.7877276997736,100,1,S,7936,7680,7936,7680,89992,2105.419178082192,1
30,112.56847140033494,22.79093250043462,010,2,M,15872,15360,15872,15360,179984,4211.172602739726,1
31,112.56860170040818,22.79091620022251,010,2,M,15872,15360,15872,15360,179984,4211.172602739726,1
32,112.7324846001842,22.854632300240496,000,0,NONE,0,0,0,0,0,0.0,1
33,112.73248579987978,22.855747599871904,010,2,M,15872,15360,15872,15360,179984,4211.172602739726,1
34,112.46598149974648,22.752119600039578,000,0,NONE,0,0,0,0,0,0.0,1
35,112.5145407002932,22.77879769985401,010,2,M,15872,15360,15872,15360,179984,4211.172602739726,1
36,112.4586728003095,22.7483690997542,100,1,S,7936,7680,7936,7680,89992,2105.419178082192,1
37,112.45873779970977,22.748347400012563,001,3,L,23808,23040,23808,23040,269976,6316.591780821918,1
38,112.45558670026604,22.753484500209595,100,1,S,7936,7680,7936,7680,89992,2105.419178082192,1
39,112.73349629971447,22.855250299961423,000,0,NONE,0,0,0,0,0,0.0,1
40,112.72371339985364,22.912375499829523,000,0,NONE,0,0,0,0,0,0.0,1
41,112.72336819958277,22.916243699786943,000,0,NONE,0,0,0,0,0,0.0,0
42,112.720018900352,22.91635170027081,000,0,NONE,0,0,0,0,0,0.0,1
43,112.72504540012515,22.91979050003158,000,0,NONE,0,0,0,0,0,0.0,1
44,112.78451779995656,22.86860250020527,100,1,S,7936,7680,7936,7680,89992,2105.419178082192,1
45,112.78831510006182,22.868854199761586,100,1,S,7936,7680,7936,7680,89992,2105.419178082192,1
46,112.78849629996432,22.86896480018544,000,0,NONE,0,0,0,0,0,0.0,1
47,112.96167799993977,22.87251120023177,010,2,M,15872,15360,15872,15360,179984,4211.172602739726,1
48,113.0491102997006,22.878733200277,001,3,L,23808,23040,23808,23040,269976,6316.591780821918,1
49,112.9033094001088,22.88042090040426,000,0,NONE,0,0,0,0,0,0.0,0
50,112.900911400141,22.880229899690164,100,1,S,7936,7680,7936,7680,89992,2105.419178082192,1
51,112.90087929973993,22.88039900011381,010,2,M,15872,15360,15872,15360,179984,4211.172602739726,1
52,112.90326820036717,22.880740100375363,000,0,NONE,0,0,0,0,0,0.0,1
53,112.91634450029846,22.88181609963334,000,0,NONE,0,0,0,0,0,0.0,0
54,112.91627239985144,22.88211290019024,100,1,S,7936,7680,7936,7680,89992,2105.419178082192,1
55,112.91703439991772,22.88189850001584,000,0,NONE,0,0,0,0,0,0.0,1
56,112.9173377996998,22.882229800365053,100,1,S,7936,7680,7936,7680,89992,2105.419178082192,1
57,112.79557799972496,22.869743899961065,001,3,L,23808,23040,23808,23040,269976,6316.591780821918,1
58,112.78312819990651,22.873263000187364,100,1,S,7936,7680,7936,7680,89992,2105.419178082192,1
59,112.80393490037544,22.873940599778905,100,1,S,7936,7680,7936,7680,89992,2105.419178082192,1
60,112.81245070043953,22.87909879986978,000,0,NONE,0,0,0,0,0,0.0,1
61,112.81240670020908,22.87892010008261,100,1,S,7936,7680,7936,7680,89992,2105.419178082192,1
62,112.82264160022976,22.886255100192784,001,3,L,23808,23040,23808,23040,269976,6316.591780821918,1
63,112.82236319980188,22.886247199648608,000,0,NONE,0,0,0,0,0,0.0,1
64,112.86266330007128,22.8909275998289,100,1,S,7936,7680,7936,7680,89992,2105.419178082192,1
65,112.8580003997987,22.892212300257484,000,0,NONE,0,0,0,0,0,0.0,1
66,112.85810020026406,22.892461800072056,000,0,NONE,0,0,0,0,0,0.0,1
67,112.85571090033784,22.892942299747403,001,3,L,23808,23040,23808,23040,269976,6316.591780821918,1
68,112.8549768997642,22.89329319992129,000,0,NONE,0,0,0,0,0,0.0,1
69,112.85501949975014,22.8933567999764,001,3,L,23808,23040,23808,23040,269976,6316.591780821918,1
70,112.84271060031404,22.896221700071465,000,0,NONE,0,0,0,0,0,0.0,1
71,112.72828650012195,22.922841899733957,100,1,S,7936,7680,7936,7680,89992,2105.419178082192,1
72,112.76705149992688,22.939789899784103,000,0,NONE,0,0,0,0,0,0.0,1
73,112.9400042001338,22.934426600307404,010,2,M,15872,15360,15872,15360,179984,4211.172602739726,1
74,112.99255889967355,22.927034700091383,000,0,NONE,0,0,0,0,0,0.0,1
75,112.99200120039518,22.927406399785585,000,0,NONE,0,0,0,0,0,0.0,1
76,112.99256749989024,22.927205799707963,000,0,NONE,0,0,0,0,0,0.0,0
77,112.93983149972404,22.93452880016406,010,2,M,15872,15360,15872,15360,179984,4211.172602739726,1
78,112.9289746996227,22.93772749982429,100,1,S,7936,7680,7936,7680,89992,2105.419178082192,1
79,112.92754039966974,22.93891790004108,100,1,S,7936,7680,7936,7680,89992,2105.419178082192,1
80,112.99576959988724,22.945359699790345,000,0,NONE,0,0,0,0,0,0.0,1
81,112.99609809974754,22.945730900360783,100,1,S,7936,7680,7936,7680,89992,2105.419178082192,1
82,112.92768270029649,22.961265900001308,000,0,NONE,0,0,0,0,0,0.0,1
83,112.92749040006196,22.961182399748,000,0,NONE,0,0,0,0,0,0.0,1
84,112.84529950027184,22.95836860003089,100,1,S,7936,7680,7936,7680,89992,2105.419178082192,1
85,112.92728109994287,22.96165160034116,000,0,NONE,0,0,0,0,0,0.0,0
86,112.92743059964256,22.96171070018869,100,1,S,7936,7680,7936,7680,89992,2105.419178082192,1
87,112.7804106995942,22.974080999938224,000,0,NONE,0,0,0,0,0,0.0,1
88,112.78381229979787,22.97668069985445,100,1,S,7936,7680,7936,7680,89992,2105.419178082192,1
89,112.78648269991676,22.978877099698423,000,0,NONE,0,0,0,0,0,0.0,1
90,113.0631978998632,22.932044399629376,001,3,L,23808,23040,23808,23040,269976,6316.591780821918,1
91,113.04756580042148,22.93229569988671,001,3,L,23808,23040,23808,23040,269976,6316.591780821918,1
92,113.04756269955897,22.93249930010268,010,2,M,15872,15360,15872,15360,179984,4211.172602739726,1
93,113.03884659979076,22.93398110044745,000,0,NONE,0,0,0,0,0,0.0,1
94,113.01436410032306,22.98731560033474,000,0,NONE,0,0,0,0,0,0.0,1
95,113.01454160041452,22.987343099804264,000,0,NONE,0,0,0,0,0,0.0,1
96,113.09445570007053,22.986628699954565,000,0,NONE,0,0,0,0,0,0.0,1
97,113.01504260013598,22.98966690030727,000,0,NONE,0,0,0,0,0,0.0,1
98,113.01889580030104,22.990176600070072,010,2,M,15872,15360,15872,15360,179984,4211.172602739726,1
99,113.04017419967964,22.9917487004422,000,0,NONE,0,0,0,0,0,0.0,1
100,113.00844860002292,22.992918800262487,100,1,S,7936,7680,7936,7680,89992,2105.419178082192,1
101,113.00858679974112,22.993113900086485,010,2,M,15872,15360,15872,15360,179984,4211.172602739726,1
102,113.03595639996796,22.991992399629567,100,1,S,7936,7680,7936,7680,89992,2105.419178082192,1
103,113.04044919977082,22.993053700368023,100,1,S,7936,7680,7936,7680,89992,2105.419178082192,1
104,113.0433586001194,22.99644149957561,100,1,S,7936,7680,7936,7680,89992,2105.419178082192,1
105,113.04257319969348,22.9994245004404,010,2,M,15872,15360,15872,15360,179984,4211.172602739726,1
106,113.04345860023432,22.996501200170314,100,1,S,7936,7680,7936,7680,89992,2105.419178082192,1
107,113.0414895004402,22.998130799596765,000,0,NONE,0,0,0,0,0,0.0,1
108,113.1041542003561,22.995746599725862,000,0,NONE,0,0,0,0,0,0.0,1
109,113.09773820035775,22.996159800434494,100,1,S,7936,7680,7936,7680,89992,2105.419178082192,1
110,113.10429919984824,22.99593069994188,000,0,NONE,0,0,0,0,0,0.0,1
111,113.03595620031842,22.99215809971656,000,0,NONE,0,0,0,0,0,0.0,1
112,113.00984620044188,22.99249760008422,010,2,M,15872,15360,15872,15360,179984,4211.172602739726,1
113,112.96396490035988,22.997168300176952,000,0,NONE,0,0,0,0,0,0.0,1
114,112.93115720044456,22.98488230017807,010,2,M,15872,15360,15872,15360,179984,4211.172602739726,1
115,113.10247229995672,22.99604979985844,000,0,NONE,0,0,0,0,0,0.0,1
116,112.9699650997096,22.967285600250307,010,2,M,15872,15360,15872,15360,179984,4211.172602739726,1
117,112.9701224999535,22.96738029976109,010,2,M,15872,15360,15872,15360,179984,4211.172602739726,1
118,112.92207040012896,22.97806500019965,000,0,NONE,0,0,0,0,0,0.0,1
119,112.92222180009604,22.978065100024423,100,1,S,7936,7680,7936,7680,89992,2105.419178082192,1
120,112.90534069971363,22.974016600385823,000,0,NONE,0,0,0,0,0,0.0,1
121,112.9033590004176,22.97815349978424,010,2,M,15872,15360,15872,15360,179984,4211.172602739726,1
122,112.9099274004293,22.97871809956069,100,1,S,7936,7680,7936,7680,89992,2105.419178082192,1
123,112.89933690037776,22.97921760011218,010,2,M,15872,15360,15872,15360,179984,4211.172602739726,1
124,112.90182580022054,22.979257000310383,000,0,NONE,0,0,0,0,0,0.0,0
125,112.90220469988708,22.98482180008608,000,0,NONE,0,0,0,0,0,0.0,1
126,112.90274829959446,22.98133470043615,001,3,L,23808,23040,23808,23040,269976,6316.591780821918,1
127,112.89987239989136,23.052411700139885,000,0,NONE,0,0,0,0,0,0.0,0
128,112.90016880024996,23.052492800102694,000,0,NONE,0,0,0,0,0,0.0,1
129,112.84979330012072,23.046542200162435,100,1,S,7936,7680,7936,7680,89992,2105.419178082192,1
130,112.84914429986964,23.04656919960894,000,0,NONE,0,0,0,0,0,0.0,1
131,112.84920139962492,23.04732780023784,010,2,M,15872,15360,15872,15360,179984,4211.172602739726,1
132,112.89504939961012,23.051892300289467,100,1,S,7936,7680,7936,7680,89992,2105.419178082192,1
133,112.89503170005298,23.052009199564964,010,2,M,15872,15360,15872,15360,179984,4211.172602739726,1
134,112.89972660000262,23.052461400273444,000,0,NONE,0,0,0,0,0,0.0,1
135,112.89960390009992,23.052916799870445,100,1,S,7936,7680,7936,7680,89992,2105.419178082192,1
136,112.90214629971206,23.06268379971766,100,1,S,7936,7680,7936,7680,89992,2105.419178082192,1
137,113.09683420003842,23.00243570044728,000,0,NONE,0,0,0,0,0,0.0,1
138,113.09697320015312,23.002841800109024,000,0,NONE,0,0,0,0,0,0.0,1
139,113.09680089994164,23.00585500020816,100,1,S,7936,7680,7936,7680,89992,2105.419178082192,1
140,113.0969296999458,23.006052000299636,000,0,NONE,0,0,0,0,0,0.0,1
141,113.09683110007528,23.0112747995924,100,1,S,7936,7680,7936,7680,89992,2105.419178082192,1
142,113.02692940007182,22.90096499973498,001,3,L,23808,23040,23808,23040,269976,6316.591780821918,1
143,113.1262545000452,22.918555200262347,001,3,L,23808,23040,23808,23040,269976,6316.591780821918,1
144,113.12584759998686,22.919031900302,000,0,NONE,0,0,0,0,0,0.0,1
145,113.0965206001456,22.93011470003341,001,3,L,23808,23040,23808,23040,269976,6316.591780821918,1
146,112.99217239983648,22.92815559980113,000,0,NONE,0,0,0,0,0,0.0,1
147,113.03346109965014,22.939415199951554,000,0,NONE,0,0,0,0,0,0.0,1
148,113.03348309976523,22.93983549990844,010,2,M,15872,15360,15872,15360,179984,4211.172602739726,1
149,113.24838089965886,22.945411400016155,100,1,S,7936,7680,7936,7680,89992,2105.419178082192,1
150,113.24877830017851,22.947195500272187,000,0,NONE,0,0,0,0,0,0.0,1
151,113.24423259955483,22.94571739973827,001,3,L,23808,23040,23808,23040,269976,6316.591780821918,1
152,113.2483629995528,22.94768419996592,001,3,L,23808,23040,23808,23040,269976,6316.591780821918,1
153,113.24951570018948,22.94765160044108,000,0,NONE,0,0,0,0,0,0.0,0
154,113.24913819986809,22.948193100231435,010,2,M,15872,15360,15872,15360,179984,4211.172602739726,1
155,113.16563949966326,22.95245249988301,100,1,S,7936,7680,7936,7680,89992,2105.419178082192,1
156,113.1680292996125,22.96327010033491,000,0,NONE,0,0,0,0,0,0.0,1
157,113.16800580032748,22.964068999584697,000,0,NONE,0,0,0,0,0,0.0,1
158,113.17286569979228,22.976599699716417,000,0,NONE,0,0,0,0,0,0.0,1
159,113.1719660998557,22.980619699839337,001,3,L,23808,23040,23808,23040,269976,6316.591780821918,1
160,113.17733379971514,22.979725199958068,100,1,S,7936,7680,7936,7680,89992,2105.419178082192,1
161,113.17233390008948,22.98101179975481,000,0,NONE,0,0,0,0,0,0.0,0
162,113.1726213998578,22.98119980033056,100,1,S,7936,7680,7936,7680,89992,2105.419178082192,1
163,113.0566292003773,23.03708859965917,000,0,NONE,0,0,0,0,0,0.0,1
164,113.05735009962746,23.03737579995328,000,0,NONE,0,0,0,0,0,0.0,1
165,113.09713259958984,23.05885419956172,001,3,L,23808,23040,23808,23040,269976,6316.591780821918,1
166,113.1345087997414,23.0676745001781,000,0,NONE,0,0,0,0,0,0.0,0
167,113.13447539981996,23.0668364003796,100,1,S,7936,7680,7936,7680,89992,2105.419178082192,1
168,113.1345598002946,23.06990189965302,001,3,L,23808,23040,23808,23040,269976,6316.591780821918,1
169,113.135090199753,23.0698967995977,000,0,NONE,0,0,0,0,0,0.0,1
170,113.13483750015052,23.06981399991622,000,0,NONE,0,0,0,0,0,0.0,0
171,113.134691100414,23.072509099915067,000,0,NONE,0,0,0,0,0,0.0,1
172,113.07867000002057,23.058856400202785,000,0,NONE,0,0,0,0,0,0.0,1
173,113.08017900036066,23.05924409973545,000,0,NONE,0,0,0,0,0,0.0,1
174,113.09783360044035,23.063413800106844,000,0,NONE,0,0,0,0,0,0.0,1
175,113.09814360034692,23.06423830035732,100,1,S,7936,7680,7936,7680,89992,2105.419178082192,1
176,113.09826189986688,23.064884299570792,100,1,S,7936,7680,7936,7680,89992,2105.419178082192,1
177,113.09881259972178,23.065352799592063,000,0,NONE,0,0,0,0,0,0.0,1
178,113.10252529970283,23.06695050006556,100,1,S,7936,7680,7936,7680,89992,2105.419178082192,1
179,113.09958460024916,23.06663139991923,100,1,S,7936,7680,7936,7680,89992,2105.419178082192,1
180,113.05683100015062,23.06302220021439,100,1,S,7936,7680,7936,7680,89992,2105.419178082192,1
181,113.0567315998835,23.063234299923067,000,0,NONE,0,0,0,0,0,0.0,0
182,113.03976180026687,23.063826400068365,000,0,NONE,0,0,0,0,0,0.0,1
183,113.03708070001436,23.06508329975452,000,0,NONE,0,0,0,0,0,0.0,1
184,113.0361775999164,23.06549739978521,100,1,S,7936,7680,7936,7680,89992,2105.419178082192,1
185,113.00139429990702,23.065478700181927,000,0,NONE,0,0,0,0,0,0.0,1
186,112.95994020038006,23.06933720005179,100,1,S,7936,7680,7936,7680,89992,2105.419178082192,1
187,113.0979381996882,23.064445100361127,000,0,NONE,0,0,0,0,0,0.0,0
188,113.0964242998416,23.06581239992238,100,1,S,7936,7680,7936,7680,89992,2105.419178082192,1
189,113.10078559987562,23.06613789964439,000,0,NONE,0,0,0,0,0,0.0,0
190,113.10045929975696,23.066590200177643,000,0,NONE,0,0,0,0,0,0.0,1
191,113.10394309979426,23.06732529972288,100,1,S,7936,7680,7936,7680,89992,2105.419178082192,1
192,113.10317570019843,23.06733149964901,000,0,NONE,0,0,0,0,0,0.0,0
193,113.10210239980596,23.07511640000189,000,0,NONE,0,0,0,0,0,0.0,1
194,113.1013796002884,23.068883599998173,001,3,L,23808,23040,23808,23040,269976,6316.591780821918,1
195,113.11538089970884,23.070297899928164,010,2,M,15872,15360,15872,15360,179984,4211.172602739726,1
196,113.11513230011565,23.07041220016293,000,0,NONE,0,0,0,0,0,0.0,0
197,113.10091330000888,23.069569899631237,000,0,NONE,0,0,0,0,0,0.0,0
198,113.10121579956956,23.069455100272705,000,0,NONE,0,0,0,0,0,0.0,0
199,112.83491099964294,23.074446899704697,100,1,S,7936,7680,7936,7680,89992,2105.419178082192,1
200,112.8347448004323,23.07438030041061,000,0,NONE,0,0,0,0,0,0.0,1
201,112.89217049976878,23.09943389995459,100,1,S,7936,7680,7936,7680,89992,2105.419178082192,1
202,112.89171400030092,23.10026279968849,010,2,M,15872,15360,15872,15360,179984,4211.172602739726,1
203,112.89761830044426,23.106063499730794,000,0,NONE,0,0,0,0,0,0.0,1
204,112.89678899961268,23.10481749982779,000,0,NONE,0,0,0,0,0,0.0,1
205,112.8351545000802,23.109529899685185,000,0,NONE,0,0,0,0,0,0.0,1
206,112.83499089991015,23.109211799584955,000,0,NONE,0,0,0,0,0,0.0,1
207,112.84085300026584,23.10957299969425,100,1,S,7936,7680,7936,7680,89992,2105.419178082192,1
208,113.00209190042096,23.07869779986362,010,2,M,15872,15360,15872,15360,179984,4211.172602739726,1
209,113.13510480024638,23.078948600097878,000,0,NONE,0,0,0,0,0,0.0,1
210,113.01153479989114,23.082456699816877,000,0,NONE,0,0,0,0,0,0.0,1
211,112.98551240027712,23.07953870015092,100,1,S,7936,7680,7936,7680,89992,2105.419178082192,1
212,112.9853456003193,23.079643699597117,100,1,S,7936,7680,7936,7680,89992,2105.419178082192,1
213,112.99861359973796,23.085879200264912,000,0,NONE,0,0,0,0,0,0.0,1
214,113.00301709955954,23.086547300317704,000,0,NONE,0,0,0,0,0,0.0,1
215,113.00234340032772,23.08673000028932,000,0,NONE,0,0,0,0,0,0.0,1
216,113.13568019998128,23.088856799801533,010,2,M,15872,15360,15872,15360,179984,4211.172602739726,1
217,113.1355574002539,23.088883999796792,000,0,NONE,0,0,0,0,0,0.0,1
218,113.1360034001368,23.095993600124583,000,0,NONE,0,0,0,0,0,0.0,0
219,113.13585920014202,23.096186199833312,000,0,NONE,0,0,0,0,0,0.0,1
220,113.13636649961438,23.103804099679508,100,1,S,7936,7680,7936,7680,89992,2105.419178082192,1
221,113.13309139984824,23.10798900039208,010,2,M,15872,15360,15872,15360,179984,4211.172602739726,1
222,113.1362927003479,23.105843399653224,000,0,NONE,0,0,0,0,0,0.0,0
223,113.13644930019508,23.10584310017896,000,0,NONE,0,0,0,0,0,0.0,0
224,113.13646420016278,23.10808510014732,000,0,NONE,0,0,0,0,0,0.0,1
225,113.13634880005714,23.108088700133464,000,0,NONE,0,0,0,0,0,0.0,0
226,113.13991079974367,23.10960839970795,010,2,M,15872,15360,15872,15360,179984,4211.172602739726,1
227,113.13651779975667,23.109526000224776,000,0,NONE,0,0,0,0,0,0.0,0
228,113.1363999004351,23.10952839961601,001,3,L,23808,23040,23808,23040,269976,6316.591780821918,1
229,113.09745610011896,23.130217500237507,000,0,NONE,0,0,0,0,0,0.0,1
230,113.18452869983967,23.11311879989273,100,1,S,7936,7680,7936,7680,89992,2105.419178082192,1
231,113.1926206997855,23.14614900017625,001,3,L,23808,23040,23808,23040,269976,6316.591780821918,1
232,113.19247820040869,23.14615570012552,100,1,S,7936,7680,7936,7680,89992,2105.419178082192,1
233,113.12505179980076,23.128817799901583,010,2,M,15872,15360,15872,15360,179984,4211.172602739726,1
234,113.1236060002168,23.12989139976833,100,1,S,7936,7680,7936,7680,89992,2105.419178082192,1
235,113.12181050015454,23.130694399926654,100,1,S,7936,7680,7936,7680,89992,2105.419178082192,1
236,113.11815589997492,23.13241950015987,000,0,NONE,0,0,0,0,0,0.0,1
237,113.1353671001117,23.13534290025467,010,2,M,15872,15360,15872,15360,179984,4211.172602739726,1
238,113.00659159982251,23.138502400265622,000,0,NONE,0,0,0,0,0,0.0,1
239,113.0089027999244,23.13904580032346,000,0,NONE,0,0,0,0,0,0.0,1
240,112.99388649956234,23.140915999873528,001,3,L,23808,23040,23808,23040,269976,6316.591780821918,1
241,112.9938209003144,23.140762900187724,100,1,S,7936,7680,7936,7680,89992,2105.419178082192,1
242,113.00892239974904,23.14313200044154,000,0,NONE,0,0,0,0,0,0.0,1
243,113.0094118998394,23.149138000418414,100,1,S,7936,7680,7936,7680,89992,2105.419178082192,1
244,113.16156229996022,23.13121360012758,000,0,NONE,0,0,0,0,0,0.0,1
245,112.91138890037746,23.126935900171706,100,1,S,7936,7680,7936,7680,89992,2105.419178082192,1
246,112.91999300037672,23.15091200038853,000,0,NONE,0,0,0,0,0,0.0,1
247,112.92038980014922,23.151512400377044,000,0,NONE,0,0,0,0,0,0.0,0
248,112.92103809982848,23.15414040015941,000,0,NONE,0,0,0,0,0,0.0,0
249,112.91511770002194,23.159615099557243,001,3,L,23808,23040,23808,23040,269976,6316.591780821918,1
250,112.9200811995878,23.15547110001131,100,1,S,7936,7680,7936,7680,89992,2105.419178082192,1
251,112.92156280028304,23.160176100246872,010,2,M,15872,15360,15872,15360,179984,4211.172602739726,1
252,112.9201502000717,23.158207899774823,000,0,NONE,0,0,0,0,0,0.0,1
253,112.91768890042248,23.15830849973753,000,0,NONE,0,0,0,0,0,0.0,0
254,112.92267270038484,23.15777329969808,000,0,NONE,0,0,0,0,0,0.0,1
255,112.91804100029196,23.1578481997347,000,0,NONE,0,0,0,0,0,0.0,1
256,112.92791270011104,23.15405799977691,000,0,NONE,0,0,0,0,0,0.0,1
257,112.92285660005211,23.15469899965916,000,0,NONE,0,0,0,0,0,0.0,0
258,112.92512809958214,23.155368699605845,000,0,NONE,0,0,0,0,0,0.0,0
259,112.87201829980472,23.171971699934037,000,0,NONE,0,0,0,0,0,0.0,1
260,112.8719274997544,23.172004900206048,100,1,S,7936,7680,7936,7680,89992,2105.419178082192,1
261,112.87226819981764,23.172608599807063,000,0,NONE,0,0,0,0,0,0.0,1
262,112.89542890002384,23.176324200101817,000,0,NONE,0,0,0,0,0,0.0,1
263,112.89171989985356,23.17952560042619,100,1,S,7936,7680,7936,7680,89992,2105.419178082192,1
264,112.8707025997452,23.18202759979397,100,1,S,7936,7680,7936,7680,89992,2105.419178082192,1
265,112.8728539003872,23.18253890035004,000,0,NONE,0,0,0,0,0,0.0,1
266,112.89919829956192,23.18235969964047,000,0,NONE,0,0,0,0,0,0.0,0
267,112.89929829967684,23.18248059999973,001,3,L,23808,23040,23808,23040,269976,6316.591780821918,1
268,112.87456869978575,23.183172600435228,100,1,S,7936,7680,7936,7680,89992,2105.419178082192,1
269,112.87813509985506,23.18315649987261,000,0,NONE,0,0,0,0,0,0.0,1
270,112.8836297003504,23.1831158001541,100,1,S,7936,7680,7936,7680,89992,2105.419178082192,1
271,112.8835216998666,23.18335149987189,000,0,NONE,0,0,0,0,0,0.0,0
272,112.88137760009624,23.18332000021786,001,3,L,23808,23040,23808,23040,269976,6316.591780821918,1
273,112.8794860002788,23.18373720021168,000,0,NONE,0,0,0,0,0,0.0,1
274,112.83691610019798,23.19208799986137,000,0,NONE,0,0,0,0,0,0.0,1
275,112.83876379960977,23.195552000424527,010,2,M,15872,15360,15872,15360,179984,4211.172602739726,1
276,112.835982399768,23.19519979983096,000,0,NONE,0,0,0,0,0,0.0,1
277,112.84481460021368,23.206498200331737,100,1,S,7936,7680,7936,7680,89992,2105.419178082192,1
278,112.83600100044588,23.19540149977945,000,0,NONE,0,0,0,0,0,0.0,0
279,112.83607989976758,23.19831760007725,000,0,NONE,0,0,0,0,0,0.0,1
280,112.96194809962516,23.212602800179127,000,0,NONE,0,0,0,0,0,0.0,1
281,112.99085400001218,23.21134219978273,100,1,S,7936,7680,7936,7680,89992,2105.419178082192,1
282,112.9656450003166,23.213107499711384,010,2,M,15872,15360,15872,15360,179984,4211.172602739726,1
283,112.96270849979749,23.21420819974867,000,0,NONE,0,0,0,0,0,0.0,1
284,112.96301370002232,23.21310920032937,000,0,NONE,0,0,0,0,0,0.0,0
285,112.91406649956934,23.22448240014268,000,0,NONE,0,0,0,0,0,0.0,1
286,112.91379539983792,23.22463129999454,000,0,NONE,0,0,0,0,0,0.0,0
287,113.0500327999738,23.21309609990516,000,0,NONE,0,0,0,0,0,0.0,1
288,113.08476620020008,23.216373500136967,001,3,L,23808,23040,23808,23040,269976,6316.591780821918,1
289,113.09046299976774,23.21659239961957,000,0,NONE,0,0,0,0,0,0.0,1
290,113.0553572999994,23.213883500423265,010,2,M,15872,15360,15872,15360,179984,4211.172602739726,1
291,113.0425668999426,23.213182000449024,000,0,NONE,0,0,0,0,0,0.0,1
292,113.01485179997064,23.199867800158927,100,1,S,7936,7680,7936,7680,89992,2105.419178082192,1
293,113.01534869968282,23.201745199681284,000,0,NONE,0,0,0,0,0,0.0,0
294,113.01472170044622,23.20809179989669,000,0,NONE,0,0,0,0,0,0.0,1
295,113.01663979968704,23.20952369955916,000,0,NONE,0,0,0,0,0,0.0,1
296,113.0237555001163,23.21088940012578,000,0,NONE,0,0,0,0,0,0.0,0
297,113.01108400032638,23.209730999585982,100,1,S,7936,7680,7936,7680,89992,2105.419178082192,1
298,113.01225960040028,23.209599800190688,000,0,NONE,0,0,0,0,0,0.0,1
299,113.02114960027392,23.21043129986464,000,0,NONE,0,0,0,0,0,0.0,1
300,113.02614039965977,23.211618799767848,000,0,NONE,0,0,0,0,0,0.0,1
301,113.04239759986945,23.21379010043285,001,3,L,23808,23040,23808,23040,269976,6316.591780821918,1
302,113.01697980007782,23.213497100410905,010,2,M,15872,15360,15872,15360,179984,4211.172602739726,1
303,112.95464789968094,23.21678719996936,100,1,S,7936,7680,7936,7680,89992,2105.419178082192,1
304,112.9620038000354,23.216371199671187,000,0,NONE,0,0,0,0,0,0.0,0
305,112.96009590000584,23.21581499956261,100,1,S,7936,7680,7936,7680,89992,2105.419178082192,1
306,112.95540710015756,23.216187700202227,000,0,NONE,0,0,0,0,0,0.0,1
307,112.9649714000102,23.219092299969702,000,0,NONE,0,0,0,0,0,0.0,1
308,112.94382770018832,23.224240399774654,100,1,S,7936,7680,7936,7680,89992,2105.419178082192,1
309,112.93896719997632,23.224547100068666,000,0,NONE,0,0,0,0,0,0.0,0
310,112.9384710997615,23.225253799923,000,0,NONE,0,0,0,0,0,0.0,1
311,113.09379420014228,23.21811810037008,100,1,S,7936,7680,7936,7680,89992,2105.419178082192,1
312,113.10611610017791,23.22386519991909,100,1,S,7936,7680,7936,7680,89992,2105.419178082192,1
313,113.11184650021583,23.225835299759357,010,2,M,15872,15360,15872,15360,179984,4211.172602739726,1
314,112.93425330004982,23.22628650042168,100,1,S,7936,7680,7936,7680,89992,2105.419178082192,1
315,112.93451430039464,23.226361100084773,000,0,NONE,0,0,0,0,0,0.0,0
316,112.9140990001688,23.22714989994796,000,0,NONE,0,0,0,0,0,0.0,1
317,112.914309699633,23.227319600219403,010,2,M,15872,15360,15872,15360,179984,4211.172602739726,1
318,112.94354889956207,23.22919530002315,100,1,S,7936,7680,7936,7680,89992,2105.419178082192,1
319,112.94330490000118,23.229653599933727,000,0,NONE,0,0,0,0,0,0.0,0
320,112.91398209999396,23.23156790043828,100,1,S,7936,7680,7936,7680,89992,2105.419178082192,1
321,112.9093801998364,23.22740930039896,000,0,NONE,0,0,0,0,0,0.0,1
322,112.92813170031776,23.249381700305264,000,0,NONE,0,0,0,0,0,0.0,0
323,113.14598699990016,23.23175530026697,100,1,S,7936,7680,7936,7680,89992,2105.419178082192,1
324,113.1472385000568,23.231837099902293,100,1,S,7936,7680,7936,7680,89992,2105.419178082192,1
325,113.1408404001644,23.23272210024476,000,0,NONE,0,0,0,0,0,0.0,1
326,113.13486759956017,23.2324708998122,000,0,NONE,0,0,0,0,0,0.0,0
327,113.1397863002976,23.23229029975755,000,0,NONE,0,0,0,0,0,0.0,1
328,113.13526740037024,23.23303250034968,100,1,S,7936,7680,7936,7680,89992,2105.419178082192,1
329,113.16637479975724,23.232374100384448,000,0,NONE,0,0,0,0,0,0.0,1
330,113.16323870010604,23.232557900226936,000,0,NONE,0,0,0,0,0,0.0,0
331,113.15934089986274,23.23219989990548,000,0,NONE,0,0,0,0,0,0.0,1
332,113.13026570030183,23.307154000157027,000,0,NONE,0,0,0,0,0,0.0,1
333,113.13009409976291,23.307193600004663,010,2,M,15872,15360,15872,15360,179984,4211.172602739726,1
334,113.02218809960118,23.29509230006965,000,0,NONE,0,0,0,0,0,0.0,0
335,113.02262359989923,23.294604700246797,000,0,NONE,0,0,0,0,0,0.0,1
336,113.0198447999976,23.29869310010656,100,1,S,7936,7680,7936,7680,89992,2105.419178082192,1
337,113.01640230042584,23.299543099734308,000,0,NONE,0,0,0,0,0,0.0,1
338,113.01526370025964,23.309048600112877,000,0,NONE,0,0,0,0,0,0.0,1
339,113.01698909996708,23.3051019999574,000,0,NONE,0,0,0,0,0,0.0,1
340,112.85496619963044,23.259220199852397,000,0,NONE,0,0,0,0,0,0.0,0
341,112.89683819972322,23.24736920012856,000,0,NONE,0,0,0,0,0,0.0,0
342,112.8976001997894,23.24753369962059,000,0,NONE,0,0,0,0,0,0.0,1
343,112.88534280003024,23.250935899672072,100,1,S,7936,7680,7936,7680,89992,2105.419178082192,1
344,112.88545510017276,23.251067099966747,100,1,S,7936,7680,7936,7680,89992,2105.419178082192,1
345,112.91851060018416,23.260771099606583,100,1,S,7936,7680,7936,7680,89992,2105.419178082192,1
346,112.9314740999498,23.2480827995816,000,0,NONE,0,0,0,0,0,0.0,1
347,112.9307465996759,23.25030659996969,000,0,NONE,0,0,0,0,0,0.0,1
348,112.92503139997916,23.249981999569684,000,0,NONE,0,0,0,0,0,0.0,1
349,113.1318198996687,23.23174279969049,100,1,S,7936,7680,7936,7680,89992,2105.419178082192,1
350,113.0320811996877,23.24959120007389,100,1,S,7936,7680,7936,7680,89992,2105.419178082192,1
351,113.0301905999163,23.251965799681955,001,3,L,23808,23040,23808,23040,269976,6316.591780821918,1
352,112.91834519957138,23.26083190007216,100,1,S,7936,7680,7936,7680,89992,2105.419178082192,1
353,113.13610509997044,23.271608999555724,100,1,S,7936,7680,7936,7680,89992,2105.419178082192,1
354,112.8609283999258,23.25811720024865,100,1,S,7936,7680,7936,7680,89992,2105.419178082192,1
355,112.86029650028333,23.25848639982752,000,0,NONE,0,0,0,0,0,0.0,0
356,112.85509179984672,23.259197699714093,000,0,NONE,0,0,0,0,0,0.0,1
357,112.85159119957429,23.261994700095386,000,0,NONE,0,0,0,0,0,0.0,1
358,112.85598240026764,23.260471899658512,000,0,NONE,0,0,0,0,0,0.0,1
359,113.27010009993968,22.74609429971224,000,0,NONE,0,0,0,0,0,0.0,1
360,113.22688459994436,22.76039720027063,100,1,S,7936,7680,7936,7680,89992,2105.419178082192,1
361,113.20340810010384,22.76124030029968,100,1,S,7936,7680,7936,7680,89992,2105.419178082192,1
362,113.2005165998612,22.76275089963434,000,0,NONE,0,0,0,0,0,0.0,1
363,113.2699549997235,22.74558529962195,000,0,NONE,0,0,0,0,0,0.0,1
364,113.30429660040784,22.74830200043704,100,1,S,7936,7680,7936,7680,89992,2105.419178082192,1
365,113.19389189959156,22.784710500389338,000,0,NONE,0,0,0,0,0,0.0,1
366,113.30467359980685,22.79813950003796,100,1,S,7936,7680,7936,7680,89992,2105.419178082192,1
367,113.30402149959264,22.798883799647683,000,0,NONE,0,0,0,0,0,0.0,1
368,113.30177519996562,22.80213959996263,010,2,M,15872,15360,15872,15360,179984,4211.172602739726,1
369,113.30224849966862,22.802352000044834,001,3,L,23808,23040,23808,23040,269976,6316.591780821918,1
370,113.29298909966724,22.81872160022175,100,1,S,7936,7680,7936,7680,89992,2105.419178082192,1
371,113.08373749988571,22.79149450027103,000,0,NONE,0,0,0,0,0,0.0,1
372,113.07076389983422,22.81639889958961,000,0,NONE,0,0,0,0,0,0.0,0
373,113.02045619959404,22.818623299825504,000,0,NONE,0,0,0,0,0,0.0,1
374,113.07146039957786,22.815610199551145,010,2,M,15872,15360,15872,15360,179984,4211.172602739726,1
375,113.06779069978109,22.82244150017516,100,1,S,7936,7680,7936,7680,89992,2105.419178082192,1
376,113.06402059967104,22.82237409958509,000,0,NONE,0,0,0,0,0,0.0,0
377,113.0707412998712,22.824130499822783,000,0,NONE,0,0,0,0,0,0.0,1
378,113.06153190037696,22.82346799984839,000,0,NONE,0,0,0,0,0,0.0,1
379,113.11724829966931,22.8176127999908,100,1,S,7936,7680,7936,7680,89992,2105.419178082192,1
380,113.02076859979115,22.837330899901133,000,0,NONE,0,0,0,0,0,0.0,1
381,113.02111909976668,22.838557600353,000,0,NONE,0,0,0,0,0,0.0,0
382,113.05968620015813,22.824983399764164,000,0,NONE,0,0,0,0,0,0.0,1
383,113.07435420028617,22.83741180021445,001,3,L,23808,23040,23808,23040,269976,6316.591780821918,1
384,113.10525689958628,22.83253559963828,001,3,L,23808,23040,23808,23040,269976,6316.591780821918,1
385,113.18654980023314,22.81883090022592,100,1,S,7936,7680,7936,7680,89992,2105.419178082192,1
386,113.18500260028986,22.84614480004257,000,0,NONE,0,0,0,0,0,0.0,1
387,113.29047830043328,22.83510010008962,000,0,NONE,0,0,0,0,0,0.0,1
388,113.1827469998742,22.846701500174163,001,3,L,23808,23040,23808,23040,269976,6316.591780821918,1
389,113.17831449961454,22.846826600367365,010,2,M,15872,15360,15872,15360,179984,4211.172602739726,1
390,113.29067219966235,22.833860399937578,000,0,NONE,0,0,0,0,0,0.0,1
391,113.27993939988346,22.86641609992313,100,1,S,7936,7680,7936,7680,89992,2105.419178082192,1
392,113.2768317997478,22.86763670027352,001,3,L,23808,23040,23808,23040,269976,6316.591780821918,1
393,113.02180249998548,22.840356599677364,000,0,NONE,0,0,0,0,0,0.0,1
394,113.0162456996793,22.844813899641792,100,1,S,7936,7680,7936,7680,89992,2105.419178082192,1
395,113.0179281999266,22.843047999865348,000,0,NONE,0,0,0,0,0,0.0,1
396,113.07275249962822,22.83806739969077,000,0,NONE,0,0,0,0,0,0.0,1
397,113.02034469984812,22.848574199839504,100,1,S,7936,7680,7936,7680,89992,2105.419178082192,1
398,113.13198809987102,22.849812999770165,000,0,NONE,0,0,0,0,0,0.0,1
399,113.13212960010104,22.84986739976074,001,3,L,23808,23040,23808,23040,269976,6316.591780821918,1
400,113.12464799970552,22.85582940040655,000,0,NONE,0,0,0,0,0,0.0,1
401,113.02215650012248,22.85522169972171,000,0,NONE,0,0,0,0,0,0.0,0
402,113.02273430014792,22.85442150005224,000,0,NONE,0,0,0,0,0,0.0,1
403,113.022935099875,22.854390899720272,000,0,NONE,0,0,0,0,0,0.0,0
404,113.0230944003863,22.855160199583626,100,1,S,7936,7680,7936,7680,89992,2105.419178082192,1
405,113.0219635002154,22.855389499725675,000,0,NONE,0,0,0,0,0,0.0,0
406,113.0231678003538,22.85541630042195,000,0,NONE,0,0,0,0,0,0.0,0
407,113.02320909992012,22.855557899577438,000,0,NONE,0,0,0,0,0,0.0,1
408,113.0206921996853,22.85617549999938,000,0,NONE,0,0,0,0,0,0.0,1
409,113.02099019993784,22.85643019969399,100,1,S,7936,7680,7936,7680,89992,2105.419178082192,1
410,113.07812140008264,22.86668430024031,001,3,L,23808,23040,23808,23040,269976,6316.591780821918,1
411,113.0320863995678,22.86178859966418,000,0,NONE,0,0,0,0,0,0.0,1
412,113.02908019979144,22.86004379978158,100,1,S,7936,7680,7936,7680,89992,2105.419178082192,1
413,113.02496359989028,22.86137709957353,000,0,NONE,0,0,0,0,0,0.0,1
414,113.1918882001803,22.848094800035028,001,3,L,23808,23040,23808,23040,269976,6316.591780821918,1
415,113.2001301998489,22.85360140018452,010,2,M,15872,15360,15872,15360,179984,4211.172602739726,1
416,113.1977809997934,22.86054330033312,000,0,NONE,0,0,0,0,0,0.0,1
417,113.199601599934,22.86053830010252,100,1,S,7936,7680,7936,7680,89992,2105.419178082192,1
418,113.20334729963828,22.860791200253743,100,1,S,7936,7680,7936,7680,89992,2105.419178082192,1
419,113.22957169957432,22.854875000281083,100,1,S,7936,7680,7936,7680,89992,2105.419178082192,1
420,113.18142509988854,22.85625810003137,010,2,M,15872,15360,15872,15360,179984,4211.172602739726,1
421,113.22206230023504,22.86509029957773,000,0,NONE,0,0,0,0,0,0.0,1
422,113.22325779960784,22.86284700008906,000,0,NONE,0,0,0,0,0,0.0,1
423,113.22186620036496,22.86564350044722,000,0,NONE,0,0,0,0,0,0.0,0
424,113.21690620006108,22.863803599956213,100,1,S,7936,7680,7936,7680,89992,2105.419178082192,1
425,113.21926670009816,22.864175699848715,000,0,NONE,0,0,0,0,0,0.0,0
426,113.21876630022462,22.8644912000089,000,0,NONE,0,0,0,0,0,0.0,0
427,113.22165759991832,22.865253999572477,100,1,S,7936,7680,7936,7680,89992,2105.419178082192,1
428,113.24932799998726,22.868044399829216,100,1,S,7936,7680,7936,7680,89992,2105.419178082192,1
429,113.2323676000848,22.868454200201256,001,3,L,23808,23040,23808,23040,269976,6316.591780821918,1
430,113.22652930028698,22.86687379998591,100,1,S,7936,7680,7936,7680,89992,2105.419178082192,1
431,113.2420333002966,22.869509300114142,000,0,NONE,0,0,0,0,0,0.0,0
432,113.24203590023671,22.869613099864694,100,1,S,7936,7680,7936,7680,89992,2105.419178082192,1
433,113.2217003995538,22.86558939993091,000,0,NONE,0,0,0,0,0,0.0,1
434,113.22007480031186,22.867924100217124,100,1,S,7936,7680,7936,7680,89992,2105.419178082192,1
435,113.2206142001852,22.86796389971425,000,0,NONE,0,0,0,0,0,0.0,0
436,113.21957810024924,22.86889340031024,000,0,NONE,0,0,0,0,0,0.0,0
437,113.26918860017383,22.87973919990418,010,2,M,15872,15360,15872,15360,179984,4211.172602739726,1
438,113.28081580000924,22.88553529991424,001,3,L,23808,23040,23808,23040,269976,6316.591780821918,1
439,113.21503000023438,22.874916099798213,000,0,NONE,0,0,0,0,0,0.0,1
440,113.17172420021176,22.903456100218875,000,0,NONE,0,0,0,0,0,0.0,1
441,113.14944760012668,22.90643519982467,000,0,NONE,0,0,0,0,0,0.0,1
442,113.15020679970404,22.90632479994963,001,3,L,23808,23040,23808,23040,269976,6316.591780821918,1
443,113.1719987002798,22.90878170011541,000,0,NONE,0,0,0,0,0,0.0,1
444,113.17165860006436,22.90901010003614,001,3,L,23808,23040,23808,23040,269976,6316.591780821918,1
445,113.17065590004984,22.916135200179383,000,0,NONE,0,0,0,0,0,0.0,1
446,113.17132519979816,22.916621100283574,001,3,L,23808,23040,23808,23040,269976,6316.591780821918,1
447,113.21148029967615,22.92705560033573,001,3,L,23808,23040,23808,23040,269976,6316.591780821918,1
448,113.21189770021874,22.927751600056357,010,2,M,15872,15360,15872,15360,179984,4211.172602739726,1
449,113.21302460020524,22.92885619955399,000,0,NONE,0,0,0,0,0,0.0,1
450,113.17533909981968,22.99735770009784,100,1,S,7936,7680,7936,7680,89992,2105.419178082192,1
451,113.1753277998381,22.997643599972207,000,0,NONE,0,0,0,0,0,0.0,1
452,113.0076723996616,23.025861400283475,100,1,S,7936,7680,7936,7680,89992,2105.419178082192,1
453,113.09671510012186,23.02098170044519,000,0,NONE,0,0,0,0,0,0.0,1
454,113.0966060995919,23.02132100026398,000,0,NONE,0,0,0,0,0,0.0,1
455,113.160556199609,23.141043399633247,000,0,NONE,0,0,0,0,0,0.0,1
456,113.1570794997192,23.14061930004073,100,1,S,7936,7680,7936,7680,89992,2105.419178082192,1
457,113.15918370016766,23.14104500042646,010,2,M,15872,15360,15872,15360,179984,4211.172602739726,1
458,113.16503150040351,23.142599199793267,000,0,NONE,0,0,0,0,0,0.0,1
459,113.16109780012346,23.14331509971214,000,0,NONE,0,0,0,0,0,0.0,1
460,113.17414089978274,23.146122200379292,100,1,S,7936,7680,7936,7680,89992,2105.419178082192,1
461,113.167759299752,23.17825770023273,100,1,S,7936,7680,7936,7680,89992,2105.419178082192,1
462,113.17218100005311,23.216849100305808,000,0,NONE,0,0,0,0,0,0.0,1
463,113.17084129978616,23.22139749979482,000,0,NONE,0,0,0,0,0,0.0,1
464,113.16581749977786,23.22691330000885,000,0,NONE,0,0,0,0,0,0.0,1
465,113.1662186999331,23.22685329993988,100,1,S,7936,7680,7936,7680,89992,2105.419178082192,1
466,113.1633003998936,23.228798100052305,000,0,NONE,0,0,0,0,0,0.0,0
467,113.1644276002536,23.22901729990849,100,1,S,7936,7680,7936,7680,89992,2105.419178082192,1
468,113.1644920996307,23.231045100251208,100,1,S,7936,7680,7936,7680,89992,2105.419178082192,1
469,113.15735339993957,23.231258399655477,000,0,NONE,0,0,0,0,0,0.0,0
470,113.15559749972488,23.231447699751584,000,0,NONE,0,0,0,0,0,0.0,0
471,113.15515890036306,23.231607799760184,000,0,NONE,0,0,0,0,0,0.0,1
472,113.16218429986566,23.232309699932784,000,0,NONE,0,0,0,0,0,0.0,1
473,113.1591987997848,23.231874300358697,100,1,S,7936,7680,7936,7680,89992,2105.419178082192,1
474,113.16630349970684,23.232204199564197,000,0,NONE,0,0,0,0,0,0.0,1
475,113.16500249996544,23.2321731999333,000,0,NONE,0,0,0,0,0,0.0,0
476,113.54031190017406,22.69674709969894,100,1,S,7936,7680,7936,7680,89992,2105.419178082192,1
477,113.5401728002346,22.6969743997488,000,0,NONE,0,0,0,0,0,0.0,1
478,113.47838789988168,22.752411600015364,100,1,S,7936,7680,7936,7680,89992,2105.419178082192,1
479,113.47685750017354,22.75381109980248,000,0,NONE,0,0,0,0,0,0.0,0
480,113.4691996002814,22.759736300190127,100,1,S,7936,7680,7936,7680,89992,2105.419178082192,1
481,113.3857830999102,22.929228499995304,001,3,L,23808,23040,23808,23040,269976,6316.591780821918,1
482,113.38629939979752,22.928539100399234,000,0,NONE,0,0,0,0,0,0.0,1
483,113.38396149972344,22.933282099689222,000,0,NONE,0,0,0,0,0,0.0,1
484,113.38311999958842,22.93462360039888,000,0,NONE,0,0,0,0,0,0.0,1
485,113.38303250004992,22.935187200129235,000,0,NONE,0,0,0,0,0,0.0,1
486,113.46222909989308,22.95236760028456,000,0,NONE,0,0,0,0,0,0.0,1
487,113.28094009980578,22.958578400173053,000,0,NONE,0,0,0,0,0,0.0,1
488,113.28234940040454,22.958807399941577,000,0,NONE,0,0,0,0,0,0.0,1
489,113.29283280019364,22.9666596999852,010,2,M,15872,15360,15872,15360,179984,4211.172602739726,1
490,113.29312640006331,22.967043000034494,100,1,S,7936,7680,7936,7680,89992,2105.419178082192,1
491,113.29328550002585,22.966935299924216,000,0,NONE,0,0,0,0,0,0.0,1
492,113.28619670011769,22.968257199909885,000,0,NONE,0,0,0,0,0,0.0,1
493,113.28614880042689,22.968431799687835,010,2,M,15872,15360,15872,15360,179984,4211.172602739726,1
494,113.27944929994533,22.9710841000512,000,0,NONE,0,0,0,0,0,0.0,1
495,113.26472489973436,22.972593499690333,001,3,L,23808,23040,23808,23040,269976,6316.591780821918,1
496,113.26476420010783,22.97275530031692,000,0,NONE,0,0,0,0,0,0.0,1
497,113.34104659992067,22.98370920021944,000,0,NONE,0,0,0,0,0,0.0,1
498,113.43980230043589,23.009881399906703,000,0,NONE,0,0,0,0,0,0.0,1
499,113.44648110032256,23.01681989971865,100,1,S,7936,7680,7936,7680,89992,2105.419178082192,1
500,113.43629610008496,23.012151500091704,100,1,S,7936,7680,7936,7680,89992,2105.419178082192,1
501,113.4387823001631,23.01288549976607,100,1,S,7936,7680,7936,7680,89992,2105.419178082192,1
502,113.36075439989564,23.074355399981755,100,1,S,7936,7680,7936,7680,89992,2105.419178082192,1
503,113.36060369960114,23.07443669959406,100,1,S,7936,7680,7936,7680,89992,2105.419178082192,1
504,113.31663729987156,23.03608369990286,100,1,S,7936,7680,7936,7680,89992,2105.419178082192,1
505,113.3153466000656,23.03818430036523,000,0,NONE,0,0,0,0,0,0.0,1
506,113.31903460016667,23.037858100071333,000,0,NONE,0,0,0,0,0,0.0,1
507,113.31875369962358,23.038545600299244,100,1,S,7936,7680,7936,7680,89992,2105.419178082192,1
508,113.30659289964262,23.038506399750588,000,0,NONE,0,0,0,0,0,0.0,1
509,113.31851959979974,23.040497999683,100,1,S,7936,7680,7936,7680,89992,2105.419178082192,1
510,113.31816630023468,23.040574499613516,000,0,NONE,0,0,0,0,0,0.0,1
511,113.3340811995878,23.04013359978586,010,2,M,15872,15360,15872,15360,179984,4211.172602739726,1
512,113.33397189958362,23.040316199932704,000,0,NONE,0,0,0,0,0,0.0,1
513,113.31905009998218,23.04166649960933,000,0,NONE,0,0,0,0,0,0.0,1
514,113.31973469989656,23.043222000295145,000,0,NONE,0,0,0,0,0,0.0,1
515,113.46414750040684,23.04090599961222,000,0,NONE,0,0,0,0,0,0.0,1
516,113.25707829982376,23.03774589975353,100,1,S,7936,7680,7936,7680,89992,2105.419178082192,1
517,113.25712570039082,23.03794730022776,010,2,M,15872,15360,15872,15360,179984,4211.172602739726,1
518,113.25157860017237,23.05036940002782,000,0,NONE,0,0,0,0,0,0.0,1
519,113.25028280031108,23.05990790012953,000,0,NONE,0,0,0,0,0,0.0,1
520,113.2499812000724,23.060133000437645,010,2,M,15872,15360,15872,15360,179984,4211.172602739726,1
521,113.29932949995656,23.04452700022091,000,0,NONE,0,0,0,0,0,0.0,1
522,113.29878669974642,23.044648500428025,001,3,L,23808,23040,23808,23040,269976,6316.591780821918,1
523,113.32231520018638,23.060714000250982,100,1,S,7936,7680,7936,7680,89992,2105.419178082192,1
524,113.32220240002084,23.061229100442688,000,0,NONE,0,0,0,0,0,0.0,0
525,113.2985450995767,23.061808700011568,100,1,S,7936,7680,7936,7680,89992,2105.419178082192,1
526,113.2993936000347,23.06265959986069,000,0,NONE,0,0,0,0,0,0.0,0
527,113.2972352999692,23.063588399884797,000,0,NONE,0,0,0,0,0,0.0,0
528,113.31629120027878,23.06545019976693,000,0,NONE,0,0,0,0,0,0.0,0
529,113.299284999703,23.062684699938984,000,0,NONE,0,0,0,0,0,0.0,0
530,113.30166720038108,23.063161700352225,100,1,S,7936,7680,7936,7680,89992,2105.419178082192,1
531,113.30026950013736,23.06327019995979,000,0,NONE,0,0,0,0,0,0.0,0
532,113.30073330030166,23.06511979963909,000,0,NONE,0,0,0,0,0,0.0,1
533,113.29017320003322,23.064509099715224,000,0,NONE,0,0,0,0,0,0.0,1
534,113.29924959968936,23.06346169979764,100,1,S,7936,7680,7936,7680,89992,2105.419178082192,1
535,113.30185560025586,23.064583100429783,001,3,L,23808,23040,23808,23040,269976,6316.591780821918,1
536,113.29895160033618,23.06491420023019,100,1,S,7936,7680,7936,7680,89992,2105.419178082192,1
537,113.29901659973632,23.06505640013279,000,0,NONE,0,0,0,0,0,0.0,1
538,113.29986210005598,23.064844000050584,100,1,S,7936,7680,7936,7680,89992,2105.419178082192,1
539,113.31628539965152,23.06558540024605,000,0,NONE,0,0,0,0,0,0.0,1
540,113.30161019955108,23.06585039987613,100,1,S,7936,7680,7936,7680,89992,2105.419178082192,1
541,113.3019549996236,23.06667879958701,100,1,S,7936,7680,7936,7680,89992,2105.419178082192,1
542,113.30149800013272,23.065516100287823,000,0,NONE,0,0,0,0,0,0.0,0
543,113.30183880002062,23.066057199879936,000,0,NONE,0,0,0,0,0,0.0,1
544,113.30190590023722,23.06609090017497,000,0,NONE,0,0,0,0,0,0.0,0
545,113.3013948002299,23.066078399598496,000,0,NONE,0,0,0,0,0,0.0,0
546,113.30201220010304,23.06639689989709,000,0,NONE,0,0,0,0,0,0.0,1
547,113.32352789999264,23.065593299890907,000,0,NONE,0,0,0,0,0,0.0,1
548,113.32189359980988,23.065861500208143,000,0,NONE,0,0,0,0,0,0.0,1
549,113.31789039992212,23.065496200089623,000,0,NONE,0,0,0,0,0,0.0,1
550,113.31837000027532,23.065974900221534,100,1,S,7936,7680,7936,7680,89992,2105.419178082192,1
551,113.31940429976872,23.066177799865613,100,1,S,7936,7680,7936,7680,89992,2105.419178082192,1
552,113.32325260042728,23.06793510032469,000,0,NONE,0,0,0,0,0,0.0,1
553,113.32746499971006,23.06703079963177,000,0,NONE,0,0,0,0,0,0.0,0
554,113.3277933997457,23.067399300437444,000,0,NONE,0,0,0,0,0,0.0,0
555,113.3370629998576,23.071621299983065,000,0,NONE,0,0,0,0,0,0.0,0
556,113.30111699964982,23.066487600122684,000,0,NONE,0,0,0,0,0,0.0,0
557,113.30079340019527,23.06651179997965,000,0,NONE,0,0,0,0,0,0.0,0
558,113.30089939968764,23.066816500181403,000,0,NONE,0,0,0,0,0,0.0,0
559,113.30136460009624,23.066760399572843,000,0,NONE,0,0,0,0,0,0.0,0
560,113.2969211002287,23.066986699576603,000,0,NONE,0,0,0,0,0,0.0,1
561,113.29139169956738,23.067724300136376,000,0,NONE,0,0,0,0,0,0.0,1
562,113.2873705995736,23.0681133999135,000,0,NONE,0,0,0,0,0,0.0,0
563,113.30263989991148,23.06725930027653,100,1,S,7936,7680,7936,7680,89992,2105.419178082192,1
564,113.30218439959036,23.067087199714532,000,0,NONE,0,0,0,0,0,0.0,0
565,113.29625069971009,23.06719329993092,000,0,NONE,0,0,0,0,0,0.0,1
566,113.29340900032514,23.067269899686156,000,0,NONE,0,0,0,0,0,0.0,1
567,113.29350789966986,23.06747490014658,000,0,NONE,0,0,0,0,0,0.0,1
568,113.29324809992,23.06750909956537,000,0,NONE,0,0,0,0,0,0.0,0
569,113.32995729988954,23.06774399978582,000,0,NONE,0,0,0,0,0,0.0,1
570,113.32601269982626,23.06715310023543,000,0,NONE,0,0,0,0,0,0.0,1
571,113.30335910034228,23.068733600275493,100,1,S,7936,7680,7936,7680,89992,2105.419178082192,1
572,113.33900160004384,23.070567600314572,000,0,NONE,0,0,0,0,0,0.0,0
573,113.3405655003976,23.071132799938823,000,0,NONE,0,0,0,0,0,0.0,1
574,113.33897110043596,23.07064089955793,000,0,NONE,0,0,0,0,0,0.0,0
575,113.245201899648,23.075767199796477,100,1,S,7936,7680,7936,7680,89992,2105.419178082192,1
576,113.201637499571,23.073430500317382,000,0,NONE,0,0,0,0,0,0.0,1
577,113.40414079985806,23.063514700443136,000,0,NONE,0,0,0,0,0,0.0,1
578,113.4043089002356,23.063623100225925,100,1,S,7936,7680,7936,7680,89992,2105.419178082192,1
579,113.28621910043124,23.06837509993096,100,1,S,7936,7680,7936,7680,89992,2105.419178082192,1
580,113.2798375004004,23.07104729959326,100,1,S,7936,7680,7936,7680,89992,2105.419178082192,1
581,113.27977030035912,23.070924099667536,000,0,NONE,0,0,0,0,0,0.0,0
582,113.27898129994708,23.07124839969396,000,0,NONE,0,0,0,0,0,0.0,0
583,113.2746138998117,23.07309080030024,000,0,NONE,0,0,0,0,0,0.0,0
584,113.27512189985588,23.073019199876228,001,3,L,23808,23040,23808,23040,269976,6316.591780821918,1
585,113.27491209971367,23.073586899615748,000,0,NONE,0,0,0,0,0,0.0,0
586,113.33968250014732,23.07085500025812,000,0,NONE,0,0,0,0,0,0.0,0
587,113.33943670014366,23.071044900202025,000,0,NONE,0,0,0,0,0,0.0,1
588,113.32570350031632,23.07361349976327,010,2,M,15872,15360,15872,15360,179984,4211.172602739726,1
589,113.3259099999466,23.074773299648086,000,0,NONE,0,0,0,0,0,0.0,0
590,113.32617520012548,23.074772900349103,000,0,NONE,0,0,0,0,0,0.0,0
591,113.35998779979718,23.078093899713732,000,0,NONE,0,0,0,0,0,0.0,0
592,113.36219069994092,23.077593599664965,000,0,NONE,0,0,0,0,0,0.0,1
593,113.3605003000489,23.07825749988376,000,0,NONE,0,0,0,0,0,0.0,0
594,113.28648259999204,23.07664450014363,000,0,NONE,0,0,0,0,0,0.0,1
595,113.27495169956136,23.07395889968353,100,1,S,7936,7680,7936,7680,89992,2105.419178082192,1
596,113.28082900025822,23.07718990029372,000,0,NONE,0,0,0,0,0,0.0,1
597,113.28885280011671,23.08000949973865,000,0,NONE,0,0,0,0,0,0.0,1
598,113.28881959984471,23.080148999876485,000,0,NONE,0,0,0,0,0,0.0,1
599,113.19893580034692,23.074397900143023,100,1,S,7936,7680,7936,7680,89992,2105.419178082192,1
600,113.19903130025432,23.07414180020396,000,0,NONE,0,0,0,0,0,0.0,1
601,113.2008448002474,23.079063900378745,010,2,M,15872,15360,15872,15360,179984,4211.172602739726,1
602,113.19950379956072,23.075130700121747,100,1,S,7936,7680,7936,7680,89992,2105.419178082192,1
603,113.24463209999146,23.0797226996429,000,0,NONE,0,0,0,0,0,0.0,0
604,113.24435700007552,23.08055549973659,010,2,M,15872,15360,15872,15360,179984,4211.172602739726,1
605,113.24437170039369,23.08115839984032,000,0,NONE,0,0,0,0,0,0.0,1
606,113.2436851003871,23.08023429967324,000,0,NONE,0,0,0,0,0,0.0,1
607,113.24431189997426,23.08092060020556,000,0,NONE,0,0,0,0,0,0.0,0
608,113.24326640032416,23.08243209976166,100,1,S,7936,7680,7936,7680,89992,2105.419178082192,1
609,113.24226060034653,23.08599399962344,000,0,NONE,0,0,0,0,0,0.0,1
610,113.258983699738,23.086386700286027,000,0,NONE,0,0,0,0,0,0.0,1
611,113.23327869965236,23.11285780044716,100,1,S,7936,7680,7936,7680,89992,2105.419178082192,1
612,113.2323377003247,23.11290260017489,000,0,NONE,0,0,0,0,0,0.0,0
613,113.23277269970038,23.113634199558703,000,0,NONE,0,0,0,0,0,0.0,1
614,113.2722087996964,23.11385150004673,100,1,S,7936,7680,7936,7680,89992,2105.419178082192,1
615,113.27431569990972,23.11662829985619,100,1,S,7936,7680,7936,7680,89992,2105.419178082192,1
616,113.2741110996476,23.11625229960401,000,0,NONE,0,0,0,0,0,0.0,0
617,113.27337960008856,23.11337480000708,000,0,NONE,0,0,0,0,0,0.0,1
618,113.21292999961986,23.109664100118152,010,2,M,15872,15360,15872,15360,179984,4211.172602739726,1
619,113.20832989990504,23.114581000412898,000,0,NONE,0,0,0,0,0,0.0,1
620,113.2274692995686,23.11745139986226,100,1,S,7936,7680,7936,7680,89992,2105.419178082192,1
621,113.20631169982516,23.11633200022169,100,1,S,7936,7680,7936,7680,89992,2105.419178082192,1
622,113.20569859961074,23.116538499851917,000,0,NONE,0,0,0,0,0,0.0,1
623,113.20515220031382,23.117415200351275,000,0,NONE,0,0,0,0,0,0.0,1
624,113.20561479988316,23.11695440032537,000,0,NONE,0,0,0,0,0,0.0,0
625,113.20483770019972,23.117264500056702,000,0,NONE,0,0,0,0,0,0.0,0
626,113.20367690026876,23.117998100432036,010,2,M,15872,15360,15872,15360,179984,4211.172602739726,1
627,113.20742619995916,23.119505099780557,000,0,NONE,0,0,0,0,0,0.0,0
628,113.2064445998385,23.119357600173142,000,0,NONE,0,0,0,0,0,0.0,0
629,113.3099775997864,23.11481470003844,001,3,L,23808,23040,23808,23040,269976,6316.591780821918,1
630,113.32818530001168,23.117895000354054,000,0,NONE,0,0,0,0,0,0.0,0
631,113.328428099877,23.117637900368837,000,0,NONE,0,0,0,0,0,0.0,0
632,113.32828399970684,23.117969099994014,000,0,NONE,0,0,0,0,0,0.0,0
633,113.39937860004238,23.114429499721663,100,1,S,7936,7680,7936,7680,89992,2105.419178082192,1
634,113.34666300009746,23.11866699998211,100,1,S,7936,7680,7936,7680,89992,2105.419178082192,1
635,113.34669220018498,23.12168770042706,000,0,NONE,0,0,0,0,0,0.0,0
636,113.3687946996157,23.11925989962469,100,1,S,7936,7680,7936,7680,89992,2105.419178082192,1
637,113.36899629973948,23.11936899997943,000,0,NONE,0,0,0,0,0,0.0,0
638,113.3687831999847,23.120263499860695,000,0,NONE,0,0,0,0,0,0.0,0
639,113.32816079978112,23.11856160033761,000,0,NONE,0,0,0,0,0,0.0,1
640,113.32825240022817,23.118649800448,000,0,NONE,0,0,0,0,0,0.0,0
641,113.32848299989064,23.11925719985993,010,2,M,15872,15360,15872,15360,179984,4211.172602739726,1
642,113.27732110018871,23.11970140019952,100,1,S,7936,7680,7936,7680,89992,2105.419178082192,1
643,113.27698240021766,23.119668100102786,100,1,S,7936,7680,7936,7680,89992,2105.419178082192,1
644,113.27475359959897,23.120782799886346,000,0,NONE,0,0,0,0,0,0.0,1
645,113.32807099977686,23.120385300441285,000,0,NONE,0,0,0,0,0,0.0,1
646,113.37240350002162,23.121523700058788,000,0,NONE,0,0,0,0,0,0.0,1
647,113.36939730024528,23.122081500061256,100,1,S,7936,7680,7936,7680,89992,2105.419178082192,1
648,113.40171099986289,23.12044660003062,000,0,NONE,0,0,0,0,0,0.0,1
649,113.40234810028473,23.122480700124243,100,1,S,7936,7680,7936,7680,89992,2105.419178082192,1
650,113.36919999978022,23.12228949976065,000,0,NONE,0,0,0,0,0,0.0,0
651,113.37221679986544,23.12171710016412,000,0,NONE,0,0,0,0,0,0.0,0
652,113.36943359958104,23.122353699663563,000,0,NONE,0,0,0,0,0,0.0,1
653,113.32841400030588,23.121614900307463,000,0,NONE,0,0,0,0,0,0.0,0
654,113.32802820014138,23.121664600441022,000,0,NONE,0,0,0,0,0,0.0,1
655,113.44986939955322,23.120482400242626,000,0,NONE,0,0,0,0,0,0.0,1
656,113.44945819983616,23.12087679972456,100,1,S,7936,7680,7936,7680,89992,2105.419178082192,1
657,113.4498146002636,23.12166639998441,000,0,NONE,0,0,0,0,0,0.0,1
658,113.44818469956432,23.121188900447464,010,2,M,15872,15360,15872,15360,179984,4211.172602739726,1
659,113.44495910028228,23.121743200288503,000,0,NONE,0,0,0,0,0,0.0,1
660,113.4462396998024,23.12162899987851,000,0,NONE,0,0,0,0,0,0.0,0
661,113.27337369963664,23.12284250008139,000,0,NONE,0,0,0,0,0,0.0,1
662,113.28384109958712,23.123698900184134,100,1,S,7936,7680,7936,7680,89992,2105.419178082192,1
663,113.32820260026983,23.124207699725616,000,0,NONE,0,0,0,0,0,0.0,0
664,113.3280542004411,23.12419560024682,100,1,S,7936,7680,7936,7680,89992,2105.419178082192,1
665,113.34669940015726,23.124944400064063,000,0,NONE,0,0,0,0,0,0.0,1
666,113.3469160000734,23.12426919986376,100,1,S,7936,7680,7936,7680,89992,2105.419178082192,1
667,113.37057679977954,23.122850600275054,000,0,NONE,0,0,0,0,0,0.0,1
668,113.36648839991985,23.122913200284017,000,0,NONE,0,0,0,0,0,0.0,1
669,113.3665182996798,23.123074800361792,000,0,NONE,0,0,0,0,0,0.0,1
670,113.3691188998174,23.12299340002545,100,1,S,7936,7680,7936,7680,89992,2105.419178082192,1
671,113.36952610024936,23.12341820018986,100,1,S,7936,7680,7936,7680,89992,2105.419178082192,1
672,113.39865750024352,23.12403259992459,000,0,NONE,0,0,0,0,0,0.0,0
673,113.39888270037636,23.124147300357663,000,0,NONE,0,0,0,0,0,0.0,1
674,113.36962129978326,23.125792699973204,000,0,NONE,0,0,0,0,0,0.0,1
675,113.3463942997572,23.124643000374192,000,0,NONE,0,0,0,0,0,0.0,1
676,113.36868700040486,23.12596319974193,000,0,NONE,0,0,0,0,0,0.0,0
677,113.19950660004965,23.11954409978045,000,0,NONE,0,0,0,0,0,0.0,1
678,113.19949599974063,23.119668100102786,000,0,NONE,0,0,0,0,0,0.0,1
679,113.20747649994053,23.120842499581727,100,1,S,7936,7680,7936,7680,89992,2105.419178082192,1
680,113.22491290021026,23.12328230003817,100,1,S,7936,7680,7936,7680,89992,2105.419178082192,1
681,113.2101439997458,23.12496759987488,001,3,L,23808,23040,23808,23040,269976,6316.591780821918,1
682,113.21150489973138,23.12502850016523,010,2,M,15872,15360,15872,15360,179984,4211.172602739726,1
683,113.2169601000287,23.1279998997756,100,1,S,7936,7680,7936,7680,89992,2105.419178082192,1
684,113.32812389969833,23.126365700316853,010,2,M,15872,15360,15872,15360,179984,4211.172602739726,1
685,113.32800000010002,23.12615089994415,000,0,NONE,0,0,0,0,0,0.0,0
686,113.3858765997254,23.127008800116077,000,0,NONE,0,0,0,0,0,0.0,1
687,113.38721019989087,23.12689280016264,000,0,NONE,0,0,0,0,0,0.0,1
688,113.38638170035529,23.126970599613514,000,0,NONE,0,0,0,0,0,0.0,1
689,113.38771610001812,23.126838599821557,010,2,M,15872,15360,15872,15360,179984,4211.172602739726,1
690,113.36972199957064,23.129664099718468,000,0,NONE,0,0,0,0,0,0.0,0
691,113.36866479974084,23.126699900080386,000,0,NONE,0,0,0,0,0,0.0,0
692,113.34578090006858,23.12749139970839,000,0,NONE,0,0,0,0,0,0.0,0
693,113.34706639999445,23.127044899802343,100,1,S,7936,7680,7936,7680,89992,2105.419178082192,1
694,113.36959619970492,23.12694310014399,000,0,NONE,0,0,0,0,0,0.0,1
695,113.2730127999008,23.132432700408856,100,1,S,7936,7680,7936,7680,89992,2105.419178082192,1
696,113.30999499986945,23.128299300272545,000,0,NONE,0,0,0,0,0,0.0,1
697,113.34715469992956,23.127521599842,100,1,S,7936,7680,7936,7680,89992,2105.419178082192,1
698,113.34835459968508,23.127188400124624,000,0,NONE,0,0,0,0,0,0.0,1
699,113.3468801998614,23.12773530034389,000,0,NONE,0,0,0,0,0,0.0,1
700,113.3277799000224,23.12843259958487,000,0,NONE,0,0,0,0,0,0.0,0
701,113.38728800024104,23.12708289975609,000,0,NONE,0,0,0,0,0,0.0,0
702,113.38765729964472,23.127061600212755,000,0,NONE,0,0,0,0,0,0.0,0
703,113.38641629997232,23.127151599866465,000,0,NONE,0,0,0,0,0,0.0,0
704,113.38580309993311,23.1272382000829,000,0,NONE,0,0,0,0,0,0.0,1
705,113.38091710034394,23.12746650017891,000,0,NONE,0,0,0,0,0,0.0,1
706,113.38148420023572,23.12764639966167,000,0,NONE,0,0,0,0,0,0.0,0
707,113.34793929995874,23.127655300251945,000,0,NONE,0,0,0,0,0,0.0,0
708,113.34587670034956,23.12761859981856,000,0,NONE,0,0,0,0,0,0.0,0
709,113.34553569991272,23.12778770024221,000,0,NONE,0,0,0,0,0,0.0,1
710,113.30978860006394,23.128416400096853,100,1,S,7936,7680,7936,7680,89992,2105.419178082192,1
711,113.34278839966498,23.128215800019237,000,0,NONE,0,0,0,0,0,0.0,0
712,113.34552890013867,23.12809610025488,000,0,NONE,0,0,0,0,0,0.0,1
713,113.34584660004066,23.127907099632974,100,1,S,7936,7680,7936,7680,89992,2105.419178082192,1
714,113.34152000034784,23.128607499736347,000,0,NONE,0,0,0,0,0,0.0,0
715,113.34693170043772,23.128122200379263,000,0,NONE,0,0,0,0,0,0.0,1
716,113.32827700028338,23.1281655998626,100,1,S,7936,7680,7936,7680,89992,2105.419178082192,1
717,113.34360050006308,23.128446000382667,010,2,M,15872,15360,15872,15360,179984,4211.172602739726,1
718,113.32805580033494,23.1291841000662,100,1,S,7936,7680,7936,7680,89992,2105.419178082192,1
719,113.36886139963394,23.129096200329457,000,0,NONE,0,0,0,0,0,0.0,0
720,113.37006509992445,23.129004699707195,100,1,S,7936,7680,7936,7680,89992,2105.419178082192,1
721,113.40047400037486,23.11798249989249,100,1,S,7936,7680,7936,7680,89992,2105.419178082192,1
722,113.45303360032052,23.11969239978447,001,3,L,23808,23040,23808,23040,269976,6316.591780821918,1
723,113.45118859977411,23.12034779961129,000,0,NONE,0,0,0,0,0,0.0,0
724,113.52674899956672,23.122882199753747,100,1,S,7936,7680,7936,7680,89992,2105.419178082192,1
725,113.52835859986952,23.12302060002071,010,2,M,15872,15360,15872,15360,179984,4211.172602739726,1
726,113.52860279997935,23.123051099628583,000,0,NONE,0,0,0,0,0,0.0,1
727,113.5308807998091,23.12348290011579,100,1,S,7936,7680,7936,7680,89992,2105.419178082192,1
728,113.53328470022882,23.12395869993412,100,1,S,7936,7680,7936,7680,89992,2105.419178082192,1
729,113.50572849967055,23.119025500326643,000,0,NONE,0,0,0,0,0,0.0,1
730,113.50418179975031,23.118524100406944,100,1,S,7936,7680,7936,7680,89992,2105.419178082192,1
731,113.50524640010131,23.11873400037388,000,0,NONE,0,0,0,0,0,0.0,0
732,113.4975340003939,23.11769459992587,001,3,L,23808,23040,23808,23040,269976,6316.591780821918,1
733,113.49933819959824,23.11758500044749,000,0,NONE,0,0,0,0,0,0.0,0
734,113.49567740039174,23.120450100192045,000,0,NONE,0,0,0,0,0,0.0,1
735,113.50030859956225,23.11882709999071,000,0,NONE,0,0,0,0,0,0.0,1
736,113.44401679963562,23.122183600093138,100,1,S,7936,7680,7936,7680,89992,2105.419178082192,1
737,113.40267789966538,23.12261989988849,000,0,NONE,0,0,0,0,0,0.0,1
738,113.43340219955188,23.124579199770324,100,1,S,7936,7680,7936,7680,89992,2105.419178082192,1
739,113.43090520041471,23.1252969001319,000,0,NONE,0,0,0,0,0,0.0,1
740,113.43085999958942,23.12551500011722,001,3,L,23808,23040,23808,23040,269976,6316.591780821918,1
741,113.53532650031777,23.124532300125622,000,0,NONE,0,0,0,0,0,0.0,0
742,113.53554200036308,23.124369399628165,010,2,M,15872,15360,15872,15360,179984,4211.172602739726,1
743,113.5324711995862,23.12406210038569,000,0,NONE,0,0,0,0,0,0.0,1
744,113.5333939004082,23.124849900202776,100,1,S,7936,7680,7936,7680,89992,2105.419178082192,1
745,113.53051289975052,23.12412470039465,100,1,S,7936,7680,7936,7680,89992,2105.419178082192,1
746,113.53696450031146,23.12482840011063,010,2,M,15872,15360,15872,15360,179984,4211.172602739726,1
747,113.53178849993937,23.12568259957237,001,3,L,23808,23040,23808,23040,269976,6316.591780821918,1
748,113.53107999964232,23.12617740026684,010,2,M,15872,15360,15872,15360,179984,4211.172602739726,1
749,113.49939230011466,23.12580199986246,000,0,NONE,0,0,0,0,0,0.0,0
750,113.49931380009184,23.126643199624027,001,3,L,23808,23040,23808,23040,269976,6316.591780821918,1
751,113.39362090018447,23.135141599605163,000,0,NONE,0,0,0,0,0,0.0,1
752,113.3942541002466,23.134741799694325,100,1,S,7936,7680,7936,7680,89992,2105.419178082192,1
753,113.39150889991583,23.1357239996629,000,0,NONE,0,0,0,0,0,0.0,1
754,113.3408699002258,23.12872790007259,010,2,M,15872,15360,15872,15360,179984,4211.172602739726,1
755,113.3341470002839,23.12892960002108,000,0,NONE,0,0,0,0,0,0.0,1
756,113.33417559962425,23.12914639958672,000,0,NONE,0,0,0,0,0,0.0,1
757,113.30974170041918,23.129155599651256,000,0,NONE,0,0,0,0,0,0.0,0
758,113.3709498997182,23.129295499987396,000,0,NONE,0,0,0,0,0,0.0,0
759,113.37010789956004,23.129553799668145,000,0,NONE,0,0,0,0,0,0.0,0
760,113.37107409968996,23.129444499663972,010,2,M,15872,15360,15872,15360,179984,4211.172602739726,1
761,113.36948369991283,23.12976299996251,000,0,NONE,0,0,0,0,0,0.0,0
762,113.37014419979504,23.1296798999075,100,1,S,7936,7680,7936,7680,89992,2105.419178082192,1
763,113.3700603002427,23.129721700396203,000,0,NONE,0,0,0,0,0,0.0,0
764,113.3702363002651,23.12984550016972,000,0,NONE,0,0,0,0,0,0.0,1
765,113.3688724001412,23.130278700002066,000,0,NONE,0,0,0,0,0,0.0,0
766,113.36970980026716,23.1298868995608,000,0,NONE,0,0,0,0,0,0.0,0
767,113.37031680038012,23.13033419986345,000,0,NONE,0,0,0,0,0,0.0,1
768,113.3700526002474,23.129935300174,000,0,NONE,0,0,0,0,0,0.0,0
769,113.36989040032176,23.129913899906622,000,0,NONE,0,0,0,0,0,0.0,0
770,113.36944209997296,23.130024299781667,000,0,NONE,0,0,0,0,0,0.0,0
771,113.37021149966108,23.13008010001664,000,0,NONE,0,0,0,0,0,0.0,0
772,113.369697699889,23.130094499961277,000,0,NONE,0,0,0,0,0,0.0,0
773,113.41725470044412,23.12902090009453,000,0,NONE,0,0,0,0,0,0.0,1
774,113.41596949999246,23.12937080022232,000,0,NONE,0,0,0,0,0,0.0,0
775,113.41619809956272,23.129530300383124,100,1,S,7936,7680,7936,7680,89992,2105.419178082192,1
776,113.41642069975558,23.129598200096893,100,1,S,7936,7680,7936,7680,89992,2105.419178082192,1
777,113.41595290030614,23.129681599626167,001,3,L,23808,23040,23808,23040,269976,6316.591780821918,1
778,113.41126830029192,23.130476100291844,000,0,NONE,0,0,0,0,0,0.0,1
779,113.40789700004656,23.131413399808597,000,0,NONE,0,0,0,0,0,0.0,1
780,113.40849780023336,23.13146660010358,000,0,NONE,0,0,0,0,0,0.0,0
781,113.41140320039744,23.13081590013371,010,2,M,15872,15360,15872,15360,179984,4211.172602739726,1
782,113.30210080041172,23.1320107996587,100,1,S,7936,7680,7936,7680,89992,2105.419178082192,1
783,113.3142305998623,23.13021450009916,000,0,NONE,0,0,0,0,0,0.0,1
784,113.31689959973676,23.13006860038564,000,0,NONE,0,0,0,0,0,0.0,1
785,113.31648749979831,23.13035109992336,000,0,NONE,0,0,0,0,0,0.0,0
786,113.31137019997482,23.13137830016848,100,1,S,7936,7680,7936,7680,89992,2105.419178082192,1
787,113.31436740023535,23.130502200416288,100,1,S,7936,7680,7936,7680,89992,2105.419178082192,1
788,113.31150440040778,23.1315733001677,000,0,NONE,0,0,0,0,0,0.0,1
789,113.30330139983982,23.130779900272216,000,0,NONE,0,0,0,0,0,0.0,1
790,113.32848030012576,23.13193269983429,000,0,NONE,0,0,0,0,0,0.0,0
791,113.32830409955466,23.132324199901973,000,0,NONE,0,0,0,0,0,0.0,0
792,113.32835200014472,23.131727100425397,100,1,S,7936,7680,7936,7680,89992,2105.419178082192,1
793,113.36952610024936,23.13019280035752,000,0,NONE,0,0,0,0,0,0.0,1
794,113.36968150040092,23.130258500329603,000,0,NONE,0,0,0,0,0,0.0,0
795,113.36898880029298,23.1304536001536,000,0,NONE,0,0,0,0,0,0.0,0
796,113.3698332996671,23.13085659985228,100,1,S,7936,7680,7936,7680,89992,2105.419178082192,1
797,113.37031159960064,23.1319928995527,000,0,NONE,0,0,0,0,0,0.0,0
798,113.37060769958578,23.132237200386555,100,1,S,7936,7680,7936,7680,89992,2105.419178082192,1
799,113.3992487001674,23.133806600094545,001,3,L,23808,23040,23808,23040,269976,6316.591780821918,1
800,113.31023960017752,23.13186449974694,000,0,NONE,0,0,0,0,0,0.0,0
801,113.3096476996817,23.13196199974652,000,0,NONE,0,0,0,0,0,0.0,0
802,113.3099632996666,23.133122000180208,000,0,NONE,0,0,0,0,0,0.0,0
803,113.31003289999842,23.13322079970021,010,2,M,15872,15360,15872,15360,179984,4211.172602739726,1
804,113.30958909985712,23.132103800350137,000,0,NONE,0,0,0,0,0,0.0,0
805,113.31039550035212,23.132224099962286,100,1,S,7936,7680,7936,7680,89992,2105.419178082192,1
806,113.27277100008166,23.132994600420545,000,0,NONE,0,0,0,0,0,0.0,0
807,113.2180806004394,23.1284837997876,000,0,NONE,0,0,0,0,0,0.0,1
808,113.27286020023814,23.132631900242075,000,0,NONE,0,0,0,0,0,0.0,0
809,113.27277140027992,23.13285689982609,010,2,M,15872,15360,15872,15360,179984,4211.172602739726,1
810,113.27195410000172,23.134711200261734,000,0,NONE,0,0,0,0,0,0.0,0
811,113.27227249957627,23.133679399984374,010,2,M,15872,15360,15872,15360,179984,4211.172602739726,1
812,113.27170770015027,23.134663600045144,000,0,NONE,0,0,0,0,0,0.0,1
813,113.30243879981084,23.13617730024225,000,0,NONE,0,0,0,0,0,0.0,1
814,113.27270890009572,23.1324817997953,000,0,NONE,0,0,0,0,0,0.0,0
815,113.31035290036608,23.132340199740497,000,0,NONE,0,0,0,0,0,0.0,1
816,113.30975529996716,23.13246949976764,000,0,NONE,0,0,0,0,0,0.0,0
817,113.32857189967352,23.133248600442585,100,1,S,7936,7680,7936,7680,89992,2105.419178082192,1
818,113.32858550012077,23.132707800324795,000,0,NONE,0,0,0,0,0,0.0,1
819,113.3283936000846,23.13296440028688,000,0,NONE,0,0,0,0,0,0.0,0
820,113.3022238996133,23.13394389959132,000,0,NONE,0,0,0,0,0,0.0,0
821,113.27262200040502,23.133166299884863,000,0,NONE,0,0,0,0,0,0.0,1
822,113.28150230019104,23.13337650022538,010,2,M,15872,15360,15872,15360,179984,4211.172602739726,1
823,113.27247830043324,23.13368440021497,000,0,NONE,0,0,0,0,0,0.0,0
824,113.27460350005153,23.133689699919785,100,1,S,7936,7680,7936,7680,89992,2105.419178082192,1
825,113.27704229956248,23.133720099702884,000,0,NONE,0,0,0,0,0,0.0,1
826,113.27022260019294,23.133754100371505,000,0,NONE,0,0,0,0,0,0.0,1
827,113.30628809961615,23.133787299744142,100,1,S,7936,7680,7936,7680,89992,2105.419178082192,1
828,113.32892179980126,23.135039799946867,000,0,NONE,0,0,0,0,0,0.0,1
829,113.3062144999992,23.134009100439695,000,0,NONE,0,0,0,0,0,0.0,0
830,113.38675790025697,23.136606900088395,000,0,NONE,0,0,0,0,0,0.0,0
831,113.388941099852,23.136302600085003,010,2,M,15872,15360,15872,15360,179984,4211.172602739726,1
832,113.27203169980316,23.134569500382213,100,1,S,7936,7680,7936,7680,89992,2105.419178082192,1
833,113.27180270003464,23.13499540041744,010,2,M,15872,15360,15872,15360,179984,4211.172602739726,1
834,113.3286123997425,23.135132299715902,000,0,NONE,0,0,0,0,0,0.0,0
835,113.32864450014358,23.135308799761333,000,0,NONE,0,0,0,0,0,0.0,0
836,113.32895140008712,23.135728300220933,100,1,S,7936,7680,7936,7680,89992,2105.419178082192,1
837,113.3295744000386,23.135848800381893,000,0,NONE,0,0,0,0,0,0.0,0
838,113.32806930005825,23.135698600110345,000,0,NONE,0,0,0,0,0,0.0,0
839,113.32866319974698,23.135708700396265,000,0,NONE,0,0,0,0,0,0.0,0
840,113.30983279994382,23.136356900250803,000,0,NONE,0,0,0,0,0,0.0,1
841,113.31034130001105,23.136407499706426,000,0,NONE,0,0,0,0,0,0.0,1
842,113.32866519983918,23.13591279973599,010,2,M,15872,15360,15872,15360,179984,4211.172602739726,1
843,113.32895400002712,23.135930400367727,000,0,NONE,0,0,0,0,0,0.0,1
844,113.35682970003074,23.211590400076943,010,2,M,15872,15360,15872,15360,179984,4211.172602739726,1
845,113.28951580011416,23.21883009992922,010,2,M,15872,15360,15872,15360,179984,4211.172602739726,1
846,113.28914280000026,23.219043900255823,010,2,M,15872,15360,15872,15360,179984,4211.172602739726,1
847,113.29028629967308,23.219941299551408,000,0,NONE,0,0,0,0,0,0.0,1
848,113.2898699999006,23.22005599998448,010,2,M,15872,15360,15872,15360,179984,4211.172602739726,1
849,113.300015099917,23.22297549971961,000,0,NONE,0,0,0,0,0,0.0,1
850,113.28399759960962,23.22762459989542,000,0,NONE,0,0,0,0,0,0.0,1
851,113.26795790043684,23.23160369975102,001,3,L,23808,23040,23808,23040,269976,6316.591780821918,1
852,113.26813760027004,23.231555100387595,000,0,NONE,0,0,0,0,0,0.0,1
853,113.27446349989066,23.231211400186,100,1,S,7936,7680,7936,7680,89992,2105.419178082192,1
854,113.3006884996746,23.235298499626083,100,1,S,7936,7680,7936,7680,89992,2105.419178082192,1
855,113.30081390024134,23.235222499718645,000,0,NONE,0,0,0,0,0,0.0,1
856,113.3522265003528,23.23702769986852,100,1,S,7936,7680,7936,7680,89992,2105.419178082192,1
857,113.30452829994113,23.24102409998227,001,3,L,23808,23040,23808,23040,269976,6316.591780821918,1
858,113.3067055999835,23.24355690023083,000,0,NONE,0,0,0,0,0,0.0,1
859,113.30655849967512,23.24364660041033,001,3,L,23808,23040,23808,23040,269976,6316.591780821918,1
860,113.2838798001128,23.25372550043153,001,3,L,23808,23040,23808,23040,269976,6316.591780821918,1
861,113.28372659970285,23.25378649964728,000,0,NONE,0,0,0,0,0,0.0,1
862,113.47491980020868,23.21967910041019,000,0,NONE,0,0,0,0,0,0.0,1
863,113.48128019962157,23.214270399559325,000,0,NONE,0,0,0,0,0,0.0,1
864,113.4570297998854,23.258244500183597,001,3,L,23808,23040,23808,23040,269976,6316.591780821918,1
865,113.5503918002414,23.268110400274796,000,0,NONE,0,0,0,0,0,0.0,1
866,113.55029509973916,23.268280599669996,000,0,NONE,0,0,0,0,0,0.0,1
867,113.5099142997052,23.27732019996728,001,3,L,23808,23040,23808,23040,269976,6316.591780821918,1
868,113.20091140044087,23.2330730004187,000,0,NONE,0,0,0,0,0,0.0,1
869,113.20615640039762,23.232498500005818,000,0,NONE,0,0,0,0,0,0.0,1
870,113.20715420000636,23.23242479966484,010,2,M,15872,15360,15872,15360,179984,4211.172602739726,1
871,113.20608849978451,23.23278129991712,000,0,NONE,0,0,0,0,0,0.0,0
872,113.2056195995649,23.232810699654124,000,0,NONE,0,0,0,0,0,0.0,0
873,113.2036939999782,23.23309420013726,010,2,M,15872,15360,15872,15360,179984,4211.172602739726,1
874,113.19853229972593,23.233530599757444,000,0,NONE,0,0,0,0,0,0.0,0
875,113.19865449960548,23.233834499562533,000,0,NONE,0,0,0,0,0,0.0,0
876,113.19683400018904,23.234408900150697,010,2,M,15872,15360,15872,15360,179984,4211.172602739726,1
877,113.21768610023344,23.234963700014816,000,0,NONE,0,0,0,0,0,0.0,1
878,113.21986329955166,23.23517960025839,010,2,M,15872,15360,15872,15360,179984,4211.172602739726,1
879,113.20413999986113,23.237400199959325,000,0,NONE,0,0,0,0,0,0.0,0
880,113.20353449981737,23.238033900044517,000,0,NONE,0,0,0,0,0,0.0,0
881,113.20354460010331,23.239687100379456,000,0,NONE,0,0,0,0,0,0.0,1
882,113.25838629988787,23.23687839981835,000,0,NONE,0,0,0,0,0,0.0,0
883,113.26360269960492,23.234073200317997,000,0,NONE,0,0,0,0,0,0.0,1
884,113.2636532001352,23.23422050027591,010,2,M,15872,15360,15872,15360,179984,4211.172602739726,1
885,113.2584868998506,23.236997399910138,010,2,M,15872,15360,15872,15360,179984,4211.172602739726,1
886,113.2373139999412,23.23707129990061,000,0,NONE,0,0,0,0,0,0.0,1
887,113.25165059989536,23.23869890013418,001,3,L,23808,23040,23808,23040,269976,6316.591780821918,1
888,113.25163519990464,23.238822799732475,100,1,S,7936,7680,7936,7680,89992,2105.419178082192,1
889,113.25774160019478,23.239475300145045,000,0,NONE,0,0,0,0,0,0.0,1
890,113.25881620010762,23.24206560034725,000,0,NONE,0,0,0,0,0,0.0,0
891,113.25647870023192,23.24032600034468,000,0,NONE,0,0,0,0,0,0.0,1
892,113.25625180038035,23.24056570024692,000,0,NONE,0,0,0,0,0,0.0,1
893,113.2564742000244,23.242013699572624,000,0,NONE,0,0,0,0,0,0.0,1
894,113.25713569995264,23.241668699850663,100,1,S,7936,7680,7936,7680,89992,2105.419178082192,1
895,113.25714480019246,23.242135400328493,100,1,S,7936,7680,7936,7680,89992,2105.419178082192,1
896,113.25719400030287,23.24371240020713,000,0,NONE,0,0,0,0,0,0.0,1
897,113.25893399960444,23.24333489988578,000,0,NONE,0,0,0,0,0,0.0,0
898,113.25496690030228,23.24380339990705,010,2,M,15872,15360,15872,15360,179984,4211.172602739726,1
899,113.25961289961572,23.247830299628674,001,3,L,23808,23040,23808,23040,269976,6316.591780821918,1
900,113.25759740019988,23.24456110031457,010,2,M,15872,15360,15872,15360,179984,4211.172602739726,1
901,113.25611369958769,23.244004500007748,000,0,NONE,0,0,0,0,0,0.0,1
902,113.2588354995587,23.245093900063463,000,0,NONE,0,0,0,0,0,0.0,0
903,113.2530072002222,23.24541050009458,000,0,NONE,0,0,0,0,0,0.0,0
904,113.2521931995566,23.246794300416692,000,0,NONE,0,0,0,0,0,0.0,1
905,113.318100299889,23.26440690035821,000,0,NONE,0,0,0,0,0,0.0,0
906,113.31796909959428,23.264438099638653,001,3,L,23808,23040,23808,23040,269976,6316.591780821918,1
907,113.31873399997414,23.267131599743607,010,2,M,15872,15360,15872,15360,179984,4211.172602739726,1
908,113.31860279967952,23.267146399886485,000,0,NONE,0,0,0,0,0,0.0,1
909,113.36289210009043,23.27312639956375,000,0,NONE,0,0,0,0,0,0.0,1
910,113.3626176000223,23.27468200007428,000,0,NONE,0,0,0,0,0,0.0,0
911,113.36259709997626,23.275665499563218,100,1,S,7936,7680,7936,7680,89992,2105.419178082192,1
912,113.36045800043644,23.27882050026591,000,0,NONE,0,0,0,0,0,0.0,1
913,113.2978972000958,23.278555899934872,001,3,L,23808,23040,23808,23040,269976,6316.591780821918,1
914,113.32232989960528,23.28028970020955,000,0,NONE,0,0,0,0,0,0.0,0
915,113.32262670016212,23.280113899836635,000,0,NONE,0,0,0,0,0,0.0,1
916,113.32337600000244,23.2811736996066,010,2,M,15872,15360,15872,15360,179984,4211.172602739726,1
917,113.32326729984608,23.281247999795426,100,1,S,7936,7680,7936,7680,89992,2105.419178082192,1
918,113.36536109973508,23.27687770024573,000,0,NONE,0,0,0,0,0,0.0,0
919,113.37000929968951,23.276860399987527,000,0,NONE,0,0,0,0,0,0.0,1
920,113.36488620013812,23.27709289991742,000,0,NONE,0,0,0,0,0,0.0,0
921,113.36300440023297,23.28104820011441,000,0,NONE,0,0,0,0,0,0.0,0
922,113.3565468002946,23.28234779961133,000,0,NONE,0,0,0,0,0,0.0,0
923,113.35624520005604,23.28291760016714,000,0,NONE,0,0,0,0,0,0.0,1
924,113.36144509991152,23.281440800052906,010,2,M,15872,15360,15872,15360,179984,4211.172602739726,1
925,113.36274909979112,23.28445230043337,000,0,NONE,0,0,0,0,0,0.0,1
926,113.36258429992552,23.284454299626304,000,0,NONE,0,0,0,0,0,0.0,1
927,113.293131900317,23.29738309995014,000,0,NONE,0,0,0,0,0,0.0,1
928,113.29294949981966,23.29764039958485,000,0,NONE,0,0,0,0,0,0.0,1
929,113.29311069969911,23.29764160017976,001,3,L,23808,23040,23808,23040,269976,6316.591780821918,1
930,113.33590899970068,23.295028899664032,010,2,M,15872,15360,15872,15360,179984,4211.172602739726,1
931,113.3358117002498,23.29512279967753,000,0,NONE,0,0,0,0,0,0.0,0
932,113.3382091003698,23.297950799689715,000,0,NONE,0,0,0,0,0,0.0,1
933,113.33950679959923,23.298779099575825,100,1,S,7936,7680,7936,7680,89992,2105.419178082192,1
934,113.33919219966036,23.29903189990233,100,1,S,7936,7680,7936,7680,89992,2105.419178082192,1
935,113.3422307003866,23.302274300318743,000,0,NONE,0,0,0,0,0,0.0,1
936,113.34302029974708,23.30281990011832,000,0,NONE,0,0,0,0,0,0.0,1
937,113.29311119972216,23.29836310017697,001,3,L,23808,23040,23808,23040,269976,6316.591780821918,1
938,113.3014949001696,23.300301200340183,000,0,NONE,0,0,0,0,0,0.0,1
939,113.30154579999872,23.300421800325864,000,0,NONE,0,0,0,0,0,0.0,1
940,113.26786339967624,23.30474480003255,000,0,NONE,0,0,0,0,0,0.0,1
941,113.2683117998497,23.30761599987852,000,0,NONE,0,0,0,0,0,0.0,0
942,113.26958410042596,23.30558849990939,010,2,M,15872,15360,15872,15360,179984,4211.172602739726,1
943,113.27016529988872,23.307296899732197,000,0,NONE,0,0,0,0,0,0.0,0
944,113.26754819988956,23.306443300118246,000,0,NONE,0,0,0,0,0,0.0,1
945,113.27003139982936,23.307578699597343,000,0,NONE,0,0,0,0,0,0.0,1
946,113.346775800263,23.307071199576228,000,0,NONE,0,0,0,0,0,0.0,1
947,113.346668000328,23.307168300276885,010,2,M,15872,15360,15872,15360,179984,4211.172602739726,1
948,113.35017169966432,23.314865499643133,000,0,NONE,0,0,0,0,0,0.0,1
949,113.35005349996914,23.31491259983665,000,0,NONE,0,0,0,0,0,0.0,0
950,113.26857659983024,23.31432759983892,010,2,M,15872,15360,15872,15360,179984,4211.172602739726,1
951,113.29855610008406,23.32927789985524,100,1,S,7936,7680,7936,7680,89992,2105.419178082192,1
952,113.20270629975596,23.288162699948717,010,2,M,15872,15360,15872,15360,179984,4211.172602739726,1
953,113.23653800012868,23.293663799844524,000,0,NONE,0,0,0,0,0,0.0,1
954,113.27028270008655,23.30910710011261,000,0,NONE,0,0,0,0,0,0.0,0
955,113.2701329998381,23.309147799831123,100,1,S,7936,7680,7936,7680,89992,2105.419178082192,1
956,113.26777590013774,23.310611799894676,000,0,NONE,0,0,0,0,0,0.0,1
957,113.19966610021038,23.30977710043288,000,0,NONE,0,0,0,0,0,0.0,1
958,113.1360149995926,23.308828099837,000,0,NONE,0,0,0,0,0,0.0,1
959,113.22664909987613,23.323676799844463,010,2,M,15872,15360,15872,15360,179984,4211.172602739726,1
960,113.35187980001284,23.31942920019748,100,1,S,7936,7680,7936,7680,89992,2105.419178082192,1
961,113.35171330042851,23.31946610028035,000,0,NONE,0,0,0,0,0,0.0,1
962,113.35465239998835,23.32648360013809,000,0,NONE,0,0,0,0,0,0.0,1
963,113.35450230044091,23.32653719973206,001,3,L,23808,23040,23808,23040,269976,6316.591780821918,1
964,113.35289410038251,23.32308359982829,000,0,NONE,0,0,0,0,0,0.0,1
965,113.29335739992416,23.33432210008488,000,0,NONE,0,0,0,0,0,0.0,1
966,113.293486299753,23.33441459985397,000,0,NONE,0,0,0,0,0,0.0,1
967,113.26941199986402,23.33615179956593,010,2,M,15872,15360,15872,15360,179984,4211.172602739726,1
968,113.2893189996721,23.33929510008886,000,0,NONE,0,0,0,0,0,0.0,1
969,113.2705018999428,23.345048000265024,000,0,NONE,0,0,0,0,0,0.0,1
970,113.36207140037492,23.34982219973477,100,1,S,7936,7680,7936,7680,89992,2105.419178082192,1
971,113.36245809986144,23.349655799975267,010,2,M,15872,15360,15872,15360,179984,4211.172602739726,1
972,113.2689264001333,23.350650499620883,000,0,NONE,0,0,0,0,0,0.0,1
973,113.27250660029938,23.35548689980061,010,2,M,15872,15360,15872,15360,179984,4211.172602739726,1
974,113.3672266003274,23.358826200368924,100,1,S,7936,7680,7936,7680,89992,2105.419178082192,1
975,113.3670497000836,23.35893489962598,000,0,NONE,0,0,0,0,0,0.0,1
976,113.10282859966026,23.33085210014434,100,1,S,7936,7680,7936,7680,89992,2105.419178082192,1
977,113.10287159984456,23.331005900402037,000,0,NONE,0,0,0,0,0,0.0,1
978,113.12083559998302,23.372524000182523,010,2,M,15872,15360,15872,15360,179984,4211.172602739726,1
979,113.0809621003208,23.387713099879704,100,1,S,7936,7680,7936,7680,89992,2105.419178082192,1
980,113.23642920014754,23.318509700062634,010,2,M,15872,15360,15872,15360,179984,4211.172602739726,1
981,113.2320195003997,23.31832800013717,001,3,L,23808,23040,23808,23040,269976,6316.591780821918,1
982,113.23119519979866,23.32022930004223,000,0,NONE,0,0,0,0,0,0.0,1
983,113.19519280040744,23.331172399986315,100,1,S,7936,7680,7936,7680,89992,2105.419178082192,1
984,113.19488150008124,23.331920400306277,100,1,S,7936,7680,7936,7680,89992,2105.419178082192,1
985,113.26246270009358,23.37180429972869,010,2,M,15872,15360,15872,15360,179984,4211.172602739726,1
986,113.16588329957472,23.380945400210123,100,1,S,7936,7680,7936,7680,89992,2105.419178082192,1
987,113.1856329000384,23.37688709975987,000,0,NONE,0,0,0,0,0,0.0,1
988,113.29240370037051,23.36885240011821,000,0,NONE,0,0,0,0,0,0.0,0
989,113.2945575002285,23.37663809996837,010,2,M,15872,15360,15872,15360,179984,4211.172602739726,1
990,113.29201039986016,23.368903200122645,000,0,NONE,0,0,0,0,0,0.0,1
991,113.18622259989309,23.37318109972801,001,3,L,23808,23040,23808,23040,269976,6316.591780821918,1
992,113.18612640031324,23.376414999752512,100,1,S,7936,7680,7936,7680,89992,2105.419178082192,1
993,113.1859760003922,23.379581900284503,000,0,NONE,0,0,0,0,0,0.0,1
994,113.18850469973222,23.380288500314062,010,2,M,15872,15360,15872,15360,179984,4211.172602739726,1
995,113.16464070000836,23.38185510043257,100,1,S,7936,7680,7936,7680,89992,2105.419178082192,1
996,113.18039710014614,23.38185349963936,100,1,S,7936,7680,7936,7680,89992,2105.419178082192,1
997,113.18116630018471,23.38177920034985,000,0,NONE,0,0,0,0,0,0.0,0
998,113.18167180011358,23.38191310040929,000,0,NONE,0,0,0,0,0,0.0,1
999,113.16920190044743,23.382211400136043,000,0,NONE,0,0,0,0,0,0.0,1
1000,113.16923859998144,23.38185620030345,000,0,NONE,0,0,0,0,0,0.0,1
1001,113.17926539957864,23.38225359992373,100,1,S,7936,7680,7936,7680,89992,2105.419178082192,1
1002,113.14636879988028,23.380750400210843,000,0,NONE,0,0,0,0,0,0.0,1
1003,113.19597169963424,23.381719300105654,000,0,NONE,0,0,0,0,0,0.0,1
1004,113.19589569972686,23.3818178001514,100,1,S,7936,7680,7936,7680,89992,2105.419178082192,1
1005,113.18691870033786,23.38220560040816,100,1,S,7936,7680,7936,7680,89992,2105.419178082192,1
1006,113.20103789997916,23.383237600335065,000,0,NONE,0,0,0,0,0,0.0,1
1007,113.2067189002571,23.385767500269992,001,3,L,23808,23040,23808,23040,269976,6316.591780821918,1
1008,113.36988699998516,23.36115350013398,100,1,S,7936,7680,7936,7680,89992,2105.419178082192,1
1009,113.36959600005537,23.361422999971523,000,0,NONE,0,0,0,0,0,0.0,1
1010,113.37059760019918,23.36170939986897,000,0,NONE,0,0,0,0,0,0.0,1
1011,113.3740687998353,23.364009200164503,100,1,S,7936,7680,7936,7680,89992,2105.419178082192,1
1012,113.37396149992333,23.364241999568662,010,2,M,15872,15360,15872,15360,179984,4211.172602739726,1
1013,113.3702790999006,23.36195490039836,000,0,NONE,0,0,0,0,0,0.0,1
1014,113.38948159959624,23.37324469978313,000,0,NONE,0,0,0,0,0,0.0,1
1015,113.38965560042573,23.37312530039236,010,2,M,15872,15360,15872,15360,179984,4211.172602739726,1
1016,113.3934721001574,23.37626630044946,100,1,S,7936,7680,7936,7680,89992,2105.419178082192,1
1017,113.3931237999235,23.376511800079584,000,0,NONE,0,0,0,0,0,0.0,1
1018,113.40132600009484,23.38207159962468,100,1,S,7936,7680,7936,7680,89992,2105.419178082192,1
1019,113.4012742998691,23.3822721997023,000,0,NONE,0,0,0,0,0,0.0,0
1020,113.29653530006408,23.382056800381065,000,0,NONE,0,0,0,0,0,0.0,1
1021,113.29662600028972,23.38347459957316,100,1,S,7936,7680,7936,7680,89992,2105.419178082192,1
1022,113.29577220012698,23.383645299890706,000,0,NONE,0,0,0,0,0,0.0,1
1023,113.4045778002254,23.38292379989349,000,0,NONE,0,0,0,0,0,0.0,1
1024,113.40444409981546,23.383273199998257,001,3,L,23808,23040,23808,23040,269976,6316.591780821918,1
1025,113.40459520030834,23.38331529996117,000,0,NONE,0,0,0,0,0,0.0,0
1026,113.41001580008913,23.38447349995209,100,1,S,7936,7680,7936,7680,89992,2105.419178082192,1
1027,113.40995759956364,23.38469710019109,100,1,S,7936,7680,7936,7680,89992,2105.419178082192,1
1028,113.30014330007327,23.390478200408666,000,0,NONE,0,0,0,0,0,0.0,1
1029,113.29625960030036,23.391606200265983,000,0,NONE,0,0,0,0,0,0.0,1
1030,113.30108879960846,23.392928299901143,100,1,S,7936,7680,7936,7680,89992,2105.419178082192,1
1031,113.42466330017125,23.3872333997017,000,0,NONE,0,0,0,0,0,0.0,0
1032,113.42458720043896,23.38684760043645,100,1,S,7936,7680,7936,7680,89992,2105.419178082192,1
1033,113.42981690022988,23.38767190013812,000,0,NONE,0,0,0,0,0,0.0,1
1034,113.42971669956614,23.387890400321798,100,1,S,7936,7680,7936,7680,89992,2105.419178082192,1
1035,113.4343507001248,23.38980169978868,100,1,S,7936,7680,7936,7680,89992,2105.419178082192,1
1036,113.43417050026846,23.39011870001804,000,0,NONE,0,0,0,0,0,0.0,1
1037,113.43812790038236,23.391419199736333,100,1,S,7936,7680,7936,7680,89992,2105.419178082192,1
1038,113.43806030014277,23.391629900099872,100,1,S,7936,7680,7936,7680,89992,2105.419178082192,1
1039,113.45013249981504,23.404017500107614,100,1,S,7936,7680,7936,7680,89992,2105.419178082192,1
1040,113.44978130016692,23.40415769991796,010,2,M,15872,15360,15872,15360,179984,4211.172602739726,1
1041,113.46134549979502,23.416138600416105,100,1,S,7936,7680,7936,7680,89992,2105.419178082192,1
1042,113.48903349959642,23.413922400198658,100,1,S,7936,7680,7936,7680,89992,2105.419178082192,1
1043,113.49185669992688,23.41589669987286,100,1,S,7936,7680,7936,7680,89992,2105.419178082192,1
1044,113.4640264003981,23.418047899790796,010,2,M,15872,15360,15872,15360,179984,4211.172602739726,1
1045,113.46373589959217,23.41826969958703,000,0,NONE,0,0,0,0,0,0.0,1
1046,113.46452790014256,23.41845000016741,000,0,NONE,0,0,0,0,0,0.0,1
1047,113.4614900001634,23.41604690014435,100,1,S,7936,7680,7936,7680,89992,2105.419178082192,1
1048,113.25446250024424,23.399809799782474,100,1,S,7936,7680,7936,7680,89992,2105.419178082192,1
1049,113.18507200007276,23.4285047003317,100,1,S,7936,7680,7936,7680,89992,2105.419178082192,1
1050,113.2563537996882,23.412338499821946,100,1,S,7936,7680,7936,7680,89992,2105.419178082192,1
1051,113.303045200076,23.408358200270754,000,0,NONE,0,0,0,0,0,0.0,1
1052,113.30302229973938,23.40945049974084,100,1,S,7936,7680,7936,7680,89992,2105.419178082192,1
1053,113.30289969966144,23.40947960000358,000,0,NONE,0,0,0,0,0,0.0,0
1054,113.3061351995799,23.42102560005145,000,0,NONE,0,0,0,0,0,0.0,1
1055,113.3063638998741,23.421843199803902,000,0,NONE,0,0,0,0,0,0.0,1
1056,113.30666950029728,23.42176319971196,000,0,NONE,0,0,0,0,0,0.0,0
1057,113.30915759974346,23.43294339961824,100,1,S,7936,7680,7936,7680,89992,2105.419178082192,1
1058,113.30903189970252,23.43297330027764,000,0,NONE,0,0,0,0,0,0.0,0
1059,113.30873200008182,23.433048599613244,000,0,NONE,0,0,0,0,0,0.0,0
1060,113.30861269961645,23.4330817998852,000,0,NONE,0,0,0,0,0,0.0,0
1061,113.33455180042527,23.411804500377457,100,1,S,7936,7680,7936,7680,89992,2105.419178082192,1
1062,113.33438160013075,23.411861899607004,010,2,M,15872,15360,15872,15360,179984,4211.172602739726,1
1063,113.30645059991537,23.420954899848823,000,0,NONE,0,0,0,0,0,0.0,1
1064,113.37374010032543,23.45555080002947,000,0,NONE,0,0,0,0,0,0.0,1
1065,113.30921690013986,23.43370880002118,100,1,S,7936,7680,7936,7680,89992,2105.419178082192,1
1066,113.30893870026092,23.43378529995169,000,0,NONE,0,0,0,0,0,0.0,0
1067,113.2698188000976,23.436738400157083,100,1,S,7936,7680,7936,7680,89992,2105.419178082192,1
1068,113.26980290008385,23.437107300261744,000,0,NONE,0,0,0,0,0,0.0,1
1069,113.30956900000945,23.43533779959984,000,0,NONE,0,0,0,0,0,0.0,1
1070,113.30924360011215,23.435350200351536,000,0,NONE,0,0,0,0,0,0.0,1
1071,113.30959789972336,23.438261800441808,000,0,NONE,0,0,0,0,0,0.0,1
1072,113.30998670002624,23.438417800441187,000,0,NONE,0,0,0,0,0,0.0,1
1073,113.1883321000464,23.429182200098523,000,0,NONE,0,0,0,0,0,0.0,1
1074,113.18279560013684,23.43617459987792,000,0,NONE,0,0,0,0,0,0.0,1
1075,113.1202700999852,23.37285879979385,000,0,NONE,0,0,0,0,0,0.0,1
1076,113.12120569978332,23.373024999903866,100,1,S,7936,7680,7936,7680,89992,2105.419178082192,1
1077,113.05018539963658,23.443310099781343,000,0,NONE,0,0,0,0,0,0.0,1
1078,113.05017570044822,23.44346490008513,000,0,NONE,0,0,0,0,0,0.0,1
1079,113.12490959989816,23.4674138003067,010,2,M,15872,15360,15872,15360,179984,4211.172602739726,1
1080,112.99207809962468,23.44733410008871,100,1,S,7936,7680,7936,7680,89992,2105.419178082192,1
1081,113.1249387001609,23.47687090007201,100,1,S,7936,7680,7936,7680,89992,2105.419178082192,1
1082,113.37033590018166,23.450856499927568,000,0,NONE,0,0,0,0,0,0.0,1
1083,113.37105099970393,23.45132929960755,000,0,NONE,0,0,0,0,0,0.0,1
1084,113.38056329985648,23.45875459974502,100,1,S,7936,7680,7936,7680,89992,2105.419178082192,1
1085,113.2979981004321,23.45096389966432,000,0,NONE,0,0,0,0,0,0.0,1
1086,113.2988927999628,23.45201700038433,000,0,NONE,0,0,0,0,0,0.0,0
1087,113.41829989972064,23.450840300439552,100,1,S,7936,7680,7936,7680,89992,2105.419178082192,1
1088,113.4179189999619,23.451197000341324,010,2,M,15872,15360,15872,15360,179984,4211.172602739726,1
1089,113.30393850026168,23.46214160035464,100,1,S,7936,7680,7936,7680,89992,2105.419178082192,1
1090,113.30601830030434,23.465758599879507,000,0,NONE,0,0,0,0,0,0.0,0
1091,113.30122490030897,23.464939400233163,100,1,S,7936,7680,7936,7680,89992,2105.419178082192,1
1092,113.32423319960252,23.459426100134465,000,0,NONE,0,0,0,0,0,0.0,1
1093,113.32852679957216,23.460802499935483,000,0,NONE,0,0,0,0,0,0.0,1
1094,113.30546300041716,23.467061400063585,000,0,NONE,0,0,0,0,0,0.0,0
1095,113.30317729969272,23.485199199583462,000,0,NONE,0,0,0,0,0,0.0,1
1096,113.28188379979758,23.476721099998827,000,0,NONE,0,0,0,0,0,0.0,1
1097,113.28711759959764,23.49285339966474,100,1,S,7936,7680,7936,7680,89992,2105.419178082192,1
1098,113.3024956000919,23.488436699594047,001,3,L,23808,23040,23808,23040,269976,6316.591780821918,1
1099,113.30536439964736,23.49048900016726,100,1,S,7936,7680,7936,7680,89992,2105.419178082192,1
1100,113.37532769961376,23.476083600278,100,1,S,7936,7680,7936,7680,89992,2105.419178082192,1
1101,113.57555879979884,22.76740319959805,000,0,NONE,0,0,0,0,0,0.0,1
1102,113.57548079979917,22.767522400238647,010,2,M,15872,15360,15872,15360,179984,4211.172602739726,1
1103,113.58341769996696,22.770076400205767,100,1,S,7936,7680,7936,7680,89992,2105.419178082192,1
1104,113.58625399982223,22.774575399934804,010,2,M,15872,15360,15872,15360,179984,4211.172602739726,1
1105,113.58613260033928,22.77465370030808,000,0,NONE,0,0,0,0,0,0.0,1
1106,113.39976579955204,22.759688699973594,010,2,M,15872,15360,15872,15360,179984,4211.172602739726,1
1107,113.45863189984232,22.7638595002158,100,1,S,7936,7680,7936,7680,89992,2105.419178082192,1
1108,113.39077690033378,22.76357339979262,000,0,NONE,0,0,0,0,0,0.0,1
1109,113.50021730038816,22.786393200286,001,3,L,23808,23040,23808,23040,269976,6316.591780821918,1
1110,113.4441438000964,22.787454799599345,000,0,NONE,0,0,0,0,0,0.0,1
1111,113.44569050001668,22.796514899942736,100,1,S,7936,7680,7936,7680,89992,2105.419178082192,1
1112,113.44445589991994,22.79177969957351,100,1,S,7936,7680,7936,7680,89992,2105.419178082192,1
1113,113.44483900031967,22.792006100301364,010,2,M,15872,15360,15872,15360,179984,4211.172602739726,1
1114,113.44521980025364,22.792216399567224,000,0,NONE,0,0,0,0,0,0.0,0
1115,113.44582809988697,22.79652329961061,100,1,S,7936,7680,7936,7680,89992,2105.419178082192,1
1116,113.49943709984234,22.79458690006544,000,0,NONE,0,0,0,0,0,0.0,1
1117,113.4999876000478,22.794048100039845,010,2,M,15872,15360,15872,15360,179984,4211.172602739726,1
1118,113.49592659983271,22.796556099684324,100,1,S,7936,7680,7936,7680,89992,2105.419178082192,1
1119,113.49443499957567,22.79768670038095,000,0,NONE,0,0,0,0,0,0.0,1
1120,113.48422499998378,22.801618899692528,001,3,L,23808,23040,23808,23040,269976,6316.591780821918,1
1121,113.43710909980518,22.84251849972901,000,0,NONE,0,0,0,0,0,0.0,0
1122,113.43572650007798,22.843706499655298,100,1,S,7936,7680,7936,7680,89992,2105.419178082192,1
1123,113.34514259995105,22.86344849994839,000,0,NONE,0,0,0,0,0,0.0,1
1124,113.34514000001104,22.863537899754306,000,0,NONE,0,0,0,0,0,0.0,0
1125,113.34446210004592,22.863678899961315,010,2,M,15872,15360,15872,15360,179984,4211.172602739726,1
1126,113.34376160011776,22.8637321002563,001,3,L,23808,23040,23808,23040,269976,6316.591780821918,1
1127,113.34324690012444,22.865553900092493,010,2,M,15872,15360,15872,15360,179984,4211.172602739726,1
1128,113.34329560021185,22.86567760004124,000,0,NONE,0,0,0,0,0,0.0,0
1129,113.31274289996496,22.868130400197856,000,0,NONE,0,0,0,0,0,0.0,1
1130,113.31342869957484,22.86836969990179,001,3,L,23808,23040,23808,23040,269976,6316.591780821918,1
1131,113.30443339988152,22.8694817997453,000,0,NONE,0,0,0,0,0,0.0,1
1132,113.30422440013604,22.871708700096463,000,0,NONE,0,0,0,0,0,0.0,0
1133,113.30360069961262,22.872906499935084,000,0,NONE,0,0,0,0,0,0.0,1
1134,113.4400433996832,22.8409520003346,100,1,S,7936,7680,7936,7680,89992,2105.419178082192,1
1135,113.4870494998346,22.852978300408267,000,0,NONE,0,0,0,0,0,0.0,1
1136,113.48724919969084,22.853387099834837,010,2,M,15872,15360,15872,15360,179984,4211.172602739726,1
1137,113.48879589961108,22.84990110005577,100,1,S,7936,7680,7936,7680,89992,2105.419178082192,1
1138,113.4395958997311,22.85297800003474,100,1,S,7936,7680,7936,7680,89992,2105.419178082192,1
1139,113.43592619993422,22.85733710032696,100,1,S,7936,7680,7936,7680,89992,2105.419178082192,1
1140,113.43594009985576,22.857472899754555,000,0,NONE,0,0,0,0,0,0.0,1
1141,113.42311939984052,22.857925999785092,000,0,NONE,0,0,0,0,0,0.0,1
1142,113.42317910043516,22.858255600415703,000,0,NONE,0,0,0,0,0,0.0,0
1143,113.42449669986286,22.86154090029237,001,3,L,23808,23040,23808,23040,269976,6316.591780821918,1
1144,113.42460590004237,22.861626600287423,000,0,NONE,0,0,0,0,0,0.0,1
1145,113.48642359956956,22.86451830017944,000,0,NONE,0,0,0,0,0,0.0,1
1146,113.48589150039254,22.865706599579937,000,0,NONE,0,0,0,0,0,0.0,0
1147,113.47302139971794,22.869394599681076,000,0,NONE,0,0,0,0,0,0.0,1
1148,113.47389259996362,22.869809299559563,000,0,NONE,0,0,0,0,0,0.0,0
1149,113.4784878999966,22.87085699985073,000,0,NONE,0,0,0,0,0,0.0,0
1150,113.48464329984849,22.868923200245547,100,1,S,7936,7680,7936,7680,89992,2105.419178082192,1
1151,113.41867339985754,22.86796239964508,001,3,L,23808,23040,23808,23040,269976,6316.591780821918,1
1152,113.48531409966608,22.86831579993429,000,0,NONE,0,0,0,0,0,0.0,0
1153,113.4857654999779,22.872782100313717,000,0,NONE,0,0,0,0,0,0.0,1
1154,113.48013290031317,22.872735099944972,010,2,M,15872,15360,15872,15360,179984,4211.172602739726,1
1155,113.48181660025593,22.874809100259824,100,1,S,7936,7680,7936,7680,89992,2105.419178082192,1
1156,113.49112449979587,22.873936200295475,000,0,NONE,0,0,0,0,0,0.0,1
1157,113.49049689981211,22.874003000138373,000,0,NONE,0,0,0,0,0,0.0,0
1158,113.48559240026908,22.873488399969744,100,1,S,7936,7680,7936,7680,89992,2105.419178082192,1
1159,113.4794155003251,22.87709749984981,000,0,NONE,0,0,0,0,0,0.0,1
1160,113.47817239983648,22.879620600010757,100,1,S,7936,7680,7936,7680,89992,2105.419178082192,1
1161,113.47795140043684,22.87968040043017,100,1,S,7936,7680,7936,7680,89992,2105.419178082192,1
1162,113.39283759967554,22.88608139973684,001,3,L,23808,23040,23808,23040,269976,6316.591780821918,1
1163,113.39294810027468,22.886105999792107,001,3,L,23808,23040,23808,23040,269976,6316.591780821918,1
1164,113.41926990038564,22.86389139986824,010,2,M,15872,15360,15872,15360,179984,4211.172602739726,1
1165,113.32127999957244,22.891316599781305,001,3,L,23808,23040,23808,23040,269976,6316.591780821918,1
1166,113.32129169975224,22.89114259985115,000,0,NONE,0,0,0,0,0,0.0,1
1167,113.2981153999059,22.90204790039036,010,2,M,15872,15360,15872,15360,179984,4211.172602739726,1
1168,113.2974973003602,22.9018864001373,100,1,S,7936,7680,7936,7680,89992,2105.419178082192,1
1169,113.34540639988552,22.90909820032175,000,0,NONE,0,0,0,0,0,0.0,1
1170,113.39328990020874,22.911437899939187,010,2,M,15872,15360,15872,15360,179984,4211.172602739726,1
1171,113.34699650018842,22.91039040019689,001,3,L,23808,23040,23808,23040,269976,6316.591780821918,1
1172,113.39297309962888,22.912797799878604,000,0,NONE,0,0,0,0,0,0.0,1
1173,113.28856690024236,22.89206400025347,000,0,NONE,0,0,0,0,0,0.0,1
1174,113.29149469982065,22.892957900286945,001,3,L,23808,23040,23808,23040,269976,6316.591780821918,1
1175,113.39043439982775,22.91955840029999,100,1,S,7936,7680,7936,7680,89992,2105.419178082192,1
1176,113.38860640006531,22.923738700081003,100,1,S,7936,7680,7936,7680,89992,2105.419178082192,1
1177,113.3885414995906,22.923574400238408,000,0,NONE,0,0,0,0,0,0.0,0
1178,113.38890419976906,22.923302599935084,010,2,M,15872,15360,15872,15360,179984,4211.172602739726,1
1179,113.35319530042284,22.91479709980638,100,1,S,7936,7680,7936,7680,89992,2105.419178082192,1
1180,113.35540200020216,22.916360599961763,001,3,L,23808,23040,23808,23040,269976,6316.591780821918,1
1181,113.34944539998526,22.9866559997746,000,0,NONE,0,0,0,0,0,0.0,1
1182,113.29667149968998,22.9817691997888,001,3,L,23808,23040,23808,23040,269976,6316.591780821918,1
1183,113.34239130041829,22.98336519964431,000,0,NONE,0,0,0,0,0,0.0,1
1184,113.34015920018705,22.98483570000758,010,2,M,15872,15360,15872,15360,179984,4211.172602739726,1
1185,113.33903680040804,22.98449390007346,001,3,L,23808,23040,23808,23040,269976,6316.591780821918,1
1186,113.33744129967636,22.985613199889315,000,0,NONE,0,0,0,0,0,0.0,1
1187,113.33904410020511,22.98618410031605,010,2,M,15872,15360,15872,15360,179984,4211.172602739726,1
1188,113.3376196999892,22.986586599991654,000,0,NONE,0,0,0,0,0,0.0,1
1189,113.33560190010768,22.98743709964248,100,1,S,7936,7680,7936,7680,89992,2105.419178082192,1
1190,113.28065750044334,22.98840069983248,000,0,NONE,0,0,0,0,0,0.0,1
1191,113.2805243000564,22.990686899680725,000,0,NONE,0,0,0,0,0,0.0,0
1192,113.33549079966076,22.9878611003096,000,0,NONE,0,0,0,0,0,0.0,0
1193,113.33382559967174,22.988721800071065,000,0,NONE,0,0,0,0,0,0.0,0
1194,113.33448920041631,22.988542100237797,100,1,S,7936,7680,7936,7680,89992,2105.419178082192,1
1195,113.32621229985784,22.993465199559356,000,0,NONE,0,0,0,0,0,0.0,1
1196,113.27847349955243,22.99265539962704,100,1,S,7936,7680,7936,7680,89992,2105.419178082192,1
1197,113.3029513998872,22.99146419991297,000,0,NONE,0,0,0,0,0,0.0,1
1198,113.27741500020215,22.99316129975421,000,0,NONE,0,0,0,0,0,0.0,1
1199,113.3331454001402,22.98958709986482,000,0,NONE,0,0,0,0,0,0.0,1
1200,113.32677140028,22.993514399669834,000,0,NONE,0,0,0,0,0,0.0,1
1201,113.2781149002825,22.99904359978234,000,0,NONE,0,0,0,0,0,0.0,1
1202,113.2786899996438,22.99716029980806,000,0,NONE,0,0,0,0,0,0.0,1
1203,113.32480479970184,22.99453409956908,100,1,S,7936,7680,7936,7680,89992,2105.419178082192,1
1204,113.3038956997268,22.99719579964648,010,2,M,15872,15360,15872,15360,179984,4211.172602739726,1
1205,113.40645969995524,22.998855600105912,001,3,L,23808,23040,23808,23040,269976,6316.591780821918,1
1206,113.40632830001108,22.999000499773278,010,2,M,15872,15360,15872,15360,179984,4211.172602739726,1
1207,113.30233500006022,23.00169740021488,001,3,L,23808,23040,23808,23040,269976,6316.591780821918,1
1208,113.43799389959884,23.013183699668048,000,0,NONE,0,0,0,0,0,0.0,1
1209,113.43932470017478,23.013656600072068,000,0,NONE,0,0,0,0,0,0.0,1
1210,113.43740839957808,23.017388300030063,000,0,NONE,0,0,0,0,0,0.0,1
1211,113.44342509968862,23.01559270014303,100,1,S,7936,7680,7936,7680,89992,2105.419178082192,1
1212,113.43731670020566,23.01727570041328,000,0,NONE,0,0,0,0,0,0.0,1
1213,113.3056512995679,23.01467000022041,100,1,S,7936,7680,7936,7680,89992,2105.419178082192,1
1214,113.3057870998948,23.014588599884007,001,3,L,23808,23040,23808,23040,269976,6316.591780821918,1
1215,113.30841880038736,23.018479800002808,100,1,S,7936,7680,7936,7680,89992,2105.419178082192,1
1216,113.308545700124,23.01845169978617,000,0,NONE,0,0,0,0,0,0.0,1
1217,113.329872299567,23.02368970031944,000,0,NONE,0,0,0,0,0,0.0,1
1218,113.33005150027655,23.02365020029657,000,0,NONE,0,0,0,0,0,0.0,1
1219,113.30570010037934,23.031780600394427,001,3,L,23808,23040,23808,23040,269976,6316.591780821918,1
1220,113.26024280006528,23.03345479989912,000,0,NONE,0,0,0,0,0,0.0,1
1221,113.25996910039372,23.03369570039632,100,1,S,7936,7680,7936,7680,89992,2105.419178082192,1
1222,113.26151990032317,23.03425749968392,000,0,NONE,0,0,0,0,0,0.0,1
1223,113.56332960008103,23.127591299998528,100,1,S,7936,7680,7936,7680,89992,2105.419178082192,1
1224,113.56338590033909,23.12782510034816,000,0,NONE,0,0,0,0,0,0.0,1
1225,113.7057321001564,23.162133999884247,001,3,L,23808,23040,23808,23040,269976,6316.591780821918,1
1226,113.70582459992544,23.162304300003484,000,0,NONE,0,0,0,0,0,0.0,1
1227,113.30819529997314,23.077713199604545,001,3,L,23808,23040,23808,23040,269976,6316.591780821918,1
1228,113.30874459958363,23.080262200240384,100,1,S,7936,7680,7936,7680,89992,2105.419178082192,1
1229,113.35991759961756,23.078207799750203,000,0,NONE,0,0,0,0,0,0.0,0
1230,113.326384699894,23.077243300238138,000,0,NONE,0,0,0,0,0,0.0,1
1231,113.32535860041912,23.079608599957,001,3,L,23808,23040,23808,23040,269976,6316.591780821918,1
1232,113.3264780998844,23.08057830024842,000,0,NONE,0,0,0,0,0,0.0,1
1233,113.32765279973694,23.0803447004476,100,1,S,7936,7680,7936,7680,89992,2105.419178082192,1
1234,113.32667130034032,23.080579999967085,000,0,NONE,0,0,0,0,0,0.0,0
1235,113.30597790006016,23.080316399682147,000,0,NONE,0,0,0,0,0,0.0,1
1236,113.31347710018804,23.080461499898377,000,0,NONE,0,0,0,0,0,0.0,0
1237,113.32375860037916,23.08037470003245,000,0,NONE,0,0,0,0,0,0.0,0
1238,113.30959050010154,23.082158099716597,100,1,S,7936,7680,7936,7680,89992,2105.419178082192,1
1239,113.33092059970602,23.08086050031187,000,0,NONE,0,0,0,0,0,0.0,1
1240,113.30471860008332,23.080424300341235,000,0,NONE,0,0,0,0,0,0.0,0
1241,113.30733339961672,23.080759699800357,000,0,NONE,0,0,0,0,0,0.0,1
1242,113.3136543997308,23.080602099907026,100,1,S,7936,7680,7936,7680,89992,2105.419178082192,1
1243,113.3046780001896,23.08061280004074,100,1,S,7936,7680,7936,7680,89992,2105.419178082192,1
1244,113.3265194003501,23.080496399889,000,0,NONE,0,0,0,0,0,0.0,1
1245,113.3229902996627,23.080458599584745,000,0,NONE,0,0,0,0,0,0.0,1
1246,113.32940750025602,23.080508299718304,000,0,NONE,0,0,0,0,0,0.0,0
1247,113.3251282004062,23.080738699731285,000,0,NONE,0,0,0,0,0,0.0,1
1248,113.3263993003875,23.08166649970923,100,1,S,7936,7680,7936,7680,89992,2105.419178082192,1
1249,113.3236137996372,23.080646000312697,000,0,NONE,0,0,0,0,0,0.0,0
1250,113.32783420018824,23.081427299830068,000,0,NONE,0,0,0,0,0,0.0,0
1251,113.32660379992546,23.08231230017259,000,0,NONE,0,0,0,0,0,0.0,1
1252,113.3271251998682,23.08239969988631,000,0,NONE,0,0,0,0,0,0.0,0
1253,113.36338200037903,23.077938600286245,010,2,M,15872,15360,15872,15360,179984,4211.172602739726,1
1254,113.3618648000206,23.078493400150364,000,0,NONE,0,0,0,0,0,0.0,0
1255,113.36574060014868,23.07942459956564,000,0,NONE,0,0,0,0,0,0.0,1
1256,113.36443839981234,23.07878540012615,000,0,NONE,0,0,0,0,0,0.0,1
1257,113.3658551998576,23.07957550040908,000,0,NONE,0,0,0,0,0,0.0,0
1258,113.36696569980722,23.08041539975096,100,1,S,7936,7680,7936,7680,89992,2105.419178082192,1
1259,113.29312389994811,23.08058910020685,000,0,NONE,0,0,0,0,0,0.0,1
1260,113.32682520042272,23.08400150036897,010,2,M,15872,15360,15872,15360,179984,4211.172602739726,1
1261,113.32663049989776,23.083711999609136,000,0,NONE,0,0,0,0,0,0.0,0
1262,113.34271899988198,23.08313659987425,100,1,S,7936,7680,7936,7680,89992,2105.419178082192,1
1263,113.31015759999332,23.085068599935997,100,1,S,7936,7680,7936,7680,89992,2105.419178082192,1
1264,113.31045830001062,23.0854525996578,000,0,NONE,0,0,0,0,0,0.0,0
1265,113.31030740006656,23.08573469989653,000,0,NONE,0,0,0,0,0,0.0,1
1266,113.31051760040702,23.08576359961046,000,0,NONE,0,0,0,0,0,0.0,0
1267,113.31039689969724,23.086416000198312,100,1,S,7936,7680,7936,7680,89992,2105.419178082192,1
1268,113.31062540034202,23.08638990007387,000,0,NONE,0,0,0,0,0,0.0,0
1269,113.36406960043178,23.0891851000124,000,0,NONE,0,0,0,0,0,0.0,1
1270,113.3655524997481,23.0894220003251,000,0,NONE,0,0,0,0,0,0.0,1
1271,113.25820350009155,23.08592850020017,000,0,NONE,0,0,0,0,0,0.0,1
1272,113.2578026003098,23.087829300082205,000,0,NONE,0,0,0,0,0,0.0,1
1273,113.25660960015296,23.0864511996632,100,1,S,7936,7680,7936,7680,89992,2105.419178082192,1
1274,113.2585639996289,23.0869499996428,000,0,NONE,0,0,0,0,0,0.0,1
1275,113.36708970012968,23.089674399553928,000,0,NONE,0,0,0,0,0,0.0,1
1276,113.36688600008893,23.090068600285747,000,0,NONE,0,0,0,0,0,0.0,1
1277,113.39398539990634,23.09244749955252,000,0,NONE,0,0,0,0,0,0.0,1
1278,113.39417639972112,23.09240100010612,100,1,S,7936,7680,7936,7680,89992,2105.419178082192,1
1279,113.36804589979852,23.093237900208976,000,0,NONE,0,0,0,0,0,0.0,0
1280,113.3678543999606,23.09331740027784,000,0,NONE,0,0,0,0,0,0.0,1
1281,113.31016980019616,23.095522400338552,000,0,NONE,0,0,0,0,0,0.0,1
1282,113.31000329971256,23.09551749993273,010,2,M,15872,15360,15872,15360,179984,4211.172602739726,1
1283,113.36797030008938,23.09841920028589,000,0,NONE,0,0,0,0,0,0.0,1
1284,113.36816199957671,23.09853320014713,000,0,NONE,0,0,0,0,0,0.0,0
1285,113.30975510031772,23.0979152004262,000,0,NONE,0,0,0,0,0,0.0,1
1286,113.3100960000304,23.09794970021852,100,1,S,7936,7680,7936,7680,89992,2105.419178082192,1
1287,113.27821219973328,23.09790040028332,100,1,S,7936,7680,7936,7680,89992,2105.419178082192,1
1288,113.49641319960948,23.09498189969497,000,0,NONE,0,0,0,0,0,0.0,1
1289,113.4996593996616,23.095264099758424,100,1,S,7936,7680,7936,7680,89992,2105.419178082192,1
1290,113.48756879986024,23.096471200385626,000,0,NONE,0,0,0,0,0,0.0,1
1291,113.48563700034732,23.0962697999114,001,3,L,23808,23040,23808,23040,269976,6316.591780821918,1
1292,113.49067790006508,23.096609599753265,010,2,M,15872,15360,15872,15360,179984,4211.172602739726,1
1293,113.49307919964542,23.098066600393334,010,2,M,15872,15360,15872,15360,179984,4211.172602739726,1
1294,113.49475759988344,23.10061340038817,000,0,NONE,0,0,0,0,0,0.0,1
1295,113.27831290042012,23.09755550038608,000,0,NONE,0,0,0,0,0,0.0,1
1296,113.24938139993174,23.09901910025133,000,0,NONE,0,0,0,0,0,0.0,0
1297,113.24976860034064,23.098674300178857,000,0,NONE,0,0,0,0,0,0.0,1
1298,113.2544102001707,23.100003800335173,010,2,M,15872,15360,15872,15360,179984,4211.172602739726,1
1299,113.23298430028524,23.10034250030617,000,0,NONE,0,0,0,0,0,0.0,1
1300,113.24771040021484,23.101464999909865,100,1,S,7936,7680,7936,7680,89992,2105.419178082192,1
1301,113.26223680028818,23.10242839955106,000,0,NONE,0,0,0,0,0,0.0,1
1302,113.24761069957424,23.101410799568782,000,0,NONE,0,0,0,0,0,0.0,0
1303,113.23098910036674,23.100964199838018,000,0,NONE,0,0,0,0,0,0.0,1
1304,113.2310010001961,23.10122549965712,000,0,NONE,0,0,0,0,0,0.0,0
1305,113.22967300010896,23.101507500071136,000,0,NONE,0,0,0,0,0,0.0,1
1306,113.2304700998153,23.1012921996753,000,0,NONE,0,0,0,0,0,0.0,1
1307,113.2302920997007,23.101343100403824,100,1,S,7936,7680,7936,7680,89992,2105.419178082192,1
1308,113.2307693995882,23.10193960003255,000,0,NONE,0,0,0,0,0,0.0,0
1309,113.24607409993985,23.10187399988524,000,0,NONE,0,0,0,0,0,0.0,0
1310,113.2470244998808,23.10444139975084,000,0,NONE,0,0,0,0,0,0.0,1
1311,113.2278075004159,23.102527799818176,000,0,NONE,0,0,0,0,0,0.0,1
1312,113.2185442000548,23.10682890013368,010,2,M,15872,15360,15872,15360,179984,4211.172602739726,1
1313,113.36821519987166,23.098746299901848,010,2,M,15872,15360,15872,15360,179984,4211.172602739726,1
1314,113.30984889960712,23.100346700140165,000,0,NONE,0,0,0,0,0,0.0,1
1315,113.31000069977256,23.1003519000202,010,2,M,15872,15360,15872,15360,179984,4211.172602739726,1
1316,113.34604949968468,23.102398800164565,100,1,S,7936,7680,7936,7680,89992,2105.419178082192,1
1317,113.34561009992626,23.105310300430062,000,0,NONE,0,0,0,0,0,0.0,1
1318,113.36814990009782,23.10055069965512,100,1,S,7936,7680,7936,7680,89992,2105.419178082192,1
1319,113.36800150026907,23.10062559969174,000,0,NONE,0,0,0,0,0,0.0,0
1320,113.34533719975208,23.1027871004444,100,1,S,7936,7680,7936,7680,89992,2105.419178082192,1
1321,113.36828370033254,23.10185060042494,100,1,S,7936,7680,7936,7680,89992,2105.419178082192,1
1322,113.36790500031556,23.10202320011064,000,0,NONE,0,0,0,0,0,0.0,1
1323,113.36825700036036,23.103047500042123,010,2,M,15872,15360,15872,15360,179984,4211.172602739726,1
1324,113.32865859971469,23.109921799951167,000,0,NONE,0,0,0,0,0,0.0,1
1325,113.32857129982574,23.10992299964676,000,0,NONE,0,0,0,0,0,0.0,0
1326,113.36812270010262,23.103971100186182,100,1,S,7936,7680,7936,7680,89992,2105.419178082192,1
1327,113.39854649962138,23.112652299963717,010,2,M,15872,15360,15872,15360,179984,4211.172602739726,1
1328,113.36851899985196,23.10627539978992,000,0,NONE,0,0,0,0,0,0.0,0
1329,113.36816279997332,23.106289799734498,000,0,NONE,0,0,0,0,0,0.0,1
1330,113.21281260032129,23.109539999971048,000,0,NONE,0,0,0,0,0,0.0,1
1331,113.24415439990572,23.11064899985149,001,3,L,23808,23040,23808,23040,269976,6316.591780821918,1
1332,113.24259170014692,23.11098729962424,001,3,L,23808,23040,23808,23040,269976,6316.591780821918,1
1333,113.24023730021132,23.11121370035204,000,0,NONE,0,0,0,0,0,0.0,1
1334,113.32857120000097,23.10619190043593,000,0,NONE,0,0,0,0,0,0.0,1
1335,113.3288520996448,23.10792529961293,010,2,M,15872,15360,15872,15360,179984,4211.172602739726,1
1336,113.3285424001117,23.10803940019821,000,0,NONE,0,0,0,0,0,0.0,0
1337,113.28114370002174,23.110013100024617,100,1,S,7936,7680,7936,7680,89992,2105.419178082192,1
1338,113.31017350000708,23.111854300035983,100,1,S,7936,7680,7936,7680,89992,2105.419178082192,1
1339,113.3098405997639,23.112660599806876,001,3,L,23808,23040,23808,23040,269976,6316.591780821918,1
1340,113.27233759970056,23.111299099973508,000,0,NONE,0,0,0,0,0,0.0,0
1341,113.2722419999684,23.111027199845463,010,2,M,15872,15360,15872,15360,179984,4211.172602739726,1
1342,113.30907199957323,23.112171999937917,000,0,NONE,0,0,0,0,0,0.0,1
1343,113.2724220001752,23.11315929996175,000,0,NONE,0,0,0,0,0,0.0,0
1344,113.3097531002254,23.11417999990709,000,0,NONE,0,0,0,0,0,0.0,0
1345,113.40031560008492,23.11739690004697,100,1,S,7936,7680,7936,7680,89992,2105.419178082192,1
1346,113.2315476998665,23.142330600177104,100,1,S,7936,7680,7936,7680,89992,2105.419178082192,1
1347,113.23273839955756,23.142628700254363,100,1,S,7936,7680,7936,7680,89992,2105.419178082192,1
1348,113.22658039976568,23.1427143004247,000,0,NONE,0,0,0,0,0,0.0,1
1349,113.3279430001694,23.135946500031025,100,1,S,7936,7680,7936,7680,89992,2105.419178082192,1
1350,113.3295878997618,23.136049100085927,000,0,NONE,0,0,0,0,0,0.0,1
1351,113.32891299993504,23.136391400043124,000,0,NONE,0,0,0,0,0,0.0,0
1352,113.32856869988564,23.13647819990905,010,2,M,15872,15360,15872,15360,179984,4211.172602739726,1
1353,113.31403950022286,23.136345799918782,000,0,NONE,0,0,0,0,0,0.0,1
1354,113.31168830007503,23.13641550007532,000,0,NONE,0,0,0,0,0,0.0,1
1355,113.32889209969072,23.13651340027326,010,2,M,15872,15360,15872,15360,179984,4211.172602739726,1
1356,113.31399530034288,23.136483399789142,100,1,S,7936,7680,7936,7680,89992,2105.419178082192,1
1357,113.3116939001534,23.13661610015293,000,0,NONE,0,0,0,0,0,0.0,1
1358,113.30880230008609,23.13655610008402,000,0,NONE,0,0,0,0,0,0.0,1
1359,113.34590739960686,23.136396400273725,100,1,S,7936,7680,7936,7680,89992,2105.419178082192,1
1360,113.30983439983775,23.1368349996356,100,1,S,7936,7680,7936,7680,89992,2105.419178082192,1
1361,113.31025979984996,23.13685630007825,100,1,S,7936,7680,7936,7680,89992,2105.419178082192,1
1362,113.30883700042727,23.13677010006012,000,0,NONE,0,0,0,0,0,0.0,0
1363,113.30632539989732,23.136853399764615,000,0,NONE,0,0,0,0,0,0.0,1
1364,113.30635290026623,23.13693589997183,000,0,NONE,0,0,0,0,0,0.0,0
1365,113.30400890009072,23.137162500349177,000,0,NONE,0,0,0,0,0,0.0,1
1366,113.30987870044169,23.13734799991033,000,0,NONE,0,0,0,0,0,0.0,1
1367,113.35207909967072,23.137145700114047,100,1,S,7936,7680,7936,7680,89992,2105.419178082192,1
1368,113.31011369958765,23.13736520034377,100,1,S,7936,7680,7936,7680,89992,2105.419178082192,1
1369,113.30258580029454,23.137253199675456,100,1,S,7936,7680,7936,7680,89992,2105.419178082192,1
1370,113.38721219998308,23.136659499636263,000,0,NONE,0,0,0,0,0,0.0,0
1371,113.38472709977589,23.13728780019187,100,1,S,7936,7680,7936,7680,89992,2105.419178082192,1
1372,113.37728849956466,23.138893400310224,100,1,S,7936,7680,7936,7680,89992,2105.419178082192,1
1373,113.3774144999793,23.13905720012974,100,1,S,7936,7680,7936,7680,89992,2105.419178082192,1
1374,113.32823200000688,23.138839100144423,000,0,NONE,0,0,0,0,0,0.0,1
1375,113.32834120018629,23.139001200245215,100,1,S,7936,7680,7936,7680,89992,2105.419178082192,1
1376,113.37089899988904,23.140277099908303,000,0,NONE,0,0,0,0,0,0.0,1
1377,113.3711155998052,23.140572400396024,000,0,NONE,0,0,0,0,0,0.0,0
1378,113.37537729992256,23.1393388003454,000,0,NONE,0,0,0,0,0,0.0,0
1379,113.37403510043964,23.14041710006916,010,2,M,15872,15360,15872,15360,179984,4211.172602739726,1
1380,113.30986829978224,23.13949130018341,000,0,NONE,0,0,0,0,0,0.0,0
1381,113.30960530024448,23.14037939958968,010,2,M,15872,15360,15872,15360,179984,4211.172602739726,1
1382,113.32770940036858,23.141660300382625,010,2,M,15872,15360,15872,15360,179984,4211.172602739726,1
1383,113.32788259990208,23.141690499616917,000,0,NONE,0,0,0,0,0,0.0,0
1384,113.2767802002461,23.14069339968069,001,3,L,23808,23040,23808,23040,269976,6316.591780821918,1
1385,113.2762937002941,23.14079160025221,000,0,NONE,0,0,0,0,0,0.0,0
1386,113.2725226001379,23.140878599767632,100,1,S,7936,7680,7936,7680,89992,2105.419178082192,1
1387,113.27641690021984,23.140938599836545,000,0,NONE,0,0,0,0,0,0.0,0
1388,113.27604559982468,23.14100839981785,000,0,NONE,0,0,0,0,0,0.0,1
1389,113.2743725001908,23.14151110015717,100,1,S,7936,7680,7936,7680,89992,2105.419178082192,1
1390,113.27447019983993,23.141766600248445,000,0,NONE,0,0,0,0,0,0.0,0
1391,113.3522482999192,23.141148599628195,100,1,S,7936,7680,7936,7680,89992,2105.419178082192,1
1392,113.35197329982792,23.14103340007142,010,2,M,15872,15360,15872,15360,179984,4211.172602739726,1
1393,113.2742850995777,23.14183369956561,000,0,NONE,0,0,0,0,0,0.0,0
1394,113.2733092002594,23.141874699657706,000,0,NONE,0,0,0,0,0,0.0,0
1395,113.27017499997636,23.14207650033029,000,0,NONE,0,0,0,0,0,0.0,1
1396,113.27337400001012,23.14205579973543,000,0,NONE,0,0,0,0,0,0.0,0
1397,113.2697686997658,23.14211090029784,000,0,NONE,0,0,0,0,0,0.0,0
1398,113.2696757997984,23.142119700164077,000,0,NONE,0,0,0,0,0,0.0,0
1399,113.26975970025,23.142222599693294,100,1,S,7936,7680,7936,7680,89992,2105.419178082192,1
1400,113.2697342997982,23.14220519961032,000,0,NONE,0,0,0,0,0,0.0,0
1401,113.26961619992778,23.14227599963772,000,0,NONE,0,0,0,0,0,0.0,0
1402,113.26959100002466,23.142341400135532,000,0,NONE,0,0,0,0,0,0.0,0
1403,113.27023230028044,23.142313799941974,000,0,NONE,0,0,0,0,0,0.0,0
1404,113.2697476996966,23.142334700186325,000,0,NONE,0,0,0,0,0,0.0,1
1405,113.26968299977068,23.14233639990499,100,1,S,7936,7680,7936,7680,89992,2105.419178082192,1
1406,113.37128880023796,23.141954799574364,010,2,M,15872,15360,15872,15360,179984,4211.172602739726,1
1407,113.37136010028848,23.14205910024731,001,3,L,23808,23040,23808,23040,269976,6316.591780821918,1
1408,113.37300080004697,23.14136490007013,000,0,NONE,0,0,0,0,0,0.0,1
1409,113.37289100001964,23.14158669986637,000,0,NONE,0,0,0,0,0,0.0,1
1410,113.3679481003246,23.14248870009351,001,3,L,23808,23040,23808,23040,269976,6316.591780821918,1
1411,113.36850609997656,23.142526299848896,000,0,NONE,0,0,0,0,0,0.0,0
1412,113.3696027998294,23.142150199771947,000,0,NONE,0,0,0,0,0,0.0,0
1413,113.37182600036964,23.14442189985084,000,0,NONE,0,0,0,0,0,0.0,0
1414,113.26782339963027,23.14284199965863,000,0,NONE,0,0,0,0,0,0.0,0
1415,113.26921890013216,23.14331399984127,001,3,L,23808,23040,23808,23040,269976,6316.591780821918,1
1416,113.26925909982764,23.143371399970192,000,0,NONE,0,0,0,0,0,0.0,0
1417,113.26713450005718,23.143302199836683,000,0,NONE,0,0,0,0,0,0.0,0
1418,113.26708470009883,23.143419900408105,000,0,NONE,0,0,0,0,0,0.0,1
1419,113.30031429986514,23.148034499892333,010,2,M,15872,15360,15872,15360,179984,4211.172602739726,1
1420,113.2371514996421,23.14505459988993,000,0,NONE,0,0,0,0,0,0.0,1
1421,113.2601942996273,23.147604099649527,000,0,NONE,0,0,0,0,0,0.0,0
1422,113.26204910008596,23.146856799901457,000,0,NONE,0,0,0,0,0,0.0,0
1423,113.24148740012345,23.14796489956052,100,1,S,7936,7680,7936,7680,89992,2105.419178082192,1
1424,113.22112919965286,23.14770960001806,100,1,S,7936,7680,7936,7680,89992,2105.419178082192,1
1425,113.2190384000022,23.15003350034584,100,1,S,7936,7680,7936,7680,89992,2105.419178082192,1
1426,113.26193279975894,23.14661960011449,010,2,M,15872,15360,15872,15360,179984,4211.172602739726,1
1427,113.25661670030058,23.148303100407816,100,1,S,7936,7680,7936,7680,89992,2105.419178082192,1
1428,113.25623839958256,23.148320600315515,000,0,NONE,0,0,0,0,0,0.0,1
1429,113.25833619955596,23.14787039969923,001,3,L,23808,23040,23808,23040,269976,6316.591780821918,1
1430,113.2567270003508,23.148594299987,000,0,NONE,0,0,0,0,0,0.0,1
1431,113.2559771995882,23.14844669965549,000,0,NONE,0,0,0,0,0,0.0,1
1432,113.25587630015116,23.14865149956711,100,1,S,7936,7680,7936,7680,89992,2105.419178082192,1
1433,113.25631100005262,23.148726799802034,100,1,S,7936,7680,7936,7680,89992,2105.419178082192,1
1434,113.2438731998883,23.1493020997122,100,1,S,7936,7680,7936,7680,89992,2105.419178082192,1
1435,113.25178530035134,23.149687499678407,010,2,M,15872,15360,15872,15360,179984,4211.172602739726,1
1436,113.37209269971834,23.144850300001394,000,0,NONE,0,0,0,0,0,0.0,1
1437,113.36164100013208,23.145294000317904,100,1,S,7936,7680,7936,7680,89992,2105.419178082192,1
1438,113.358506799849,23.146028599840065,100,1,S,7936,7680,7936,7680,89992,2105.419178082192,1
1439,113.35734189990876,23.146555300386865,010,2,M,15872,15360,15872,15360,179984,4211.172602739726,1
1440,113.3270640999283,23.14475089973428,000,0,NONE,0,0,0,0,0,0.0,1
1441,113.32736649966432,23.144805000250585,100,1,S,7936,7680,7936,7680,89992,2105.419178082192,1
1442,113.35712959965132,23.1463990000139,000,0,NONE,0,0,0,0,0,0.0,1
1443,113.32698569973036,23.147205000310574,100,1,S,7936,7680,7936,7680,89992,2105.419178082192,1
1444,113.30884230013214,23.147971499685013,000,0,NONE,0,0,0,0,0,0.0,1
1445,113.30905349961938,23.14799249975414,000,0,NONE,0,0,0,0,0,0.0,1
1446,113.32684110043648,23.14724579985381,000,0,NONE,0,0,0,0,0,0.0,1
1447,113.3461930998318,23.147504800106503,000,0,NONE,0,0,0,0,0,0.0,1
1448,113.3435374000311,23.147524099557582,000,0,NONE,0,0,0,0,0,0.0,0
1449,113.34216500041452,23.14775200035456,000,0,NONE,0,0,0,0,0,0.0,0
1450,113.32734749968743,23.14876879994023,100,1,S,7936,7680,7936,7680,89992,2105.419178082192,1
1451,113.3412047996618,23.147911600340137,000,0,NONE,0,0,0,0,0,0.0,1
1452,113.3387795996988,23.148217299688667,100,1,S,7936,7680,7936,7680,89992,2105.419178082192,1
1453,113.34006089979071,23.148116599901243,000,0,NONE,0,0,0,0,0,0.0,1
1454,113.3557484999933,23.14784910015589,000,0,NONE,0,0,0,0,0,0.0,1
1455,113.3321427001256,23.15004009957101,000,0,NONE,0,0,0,0,0,0.0,0
1456,113.32718050008008,23.14882829998612,000,0,NONE,0,0,0,0,0,0.0,0
1457,113.32763350028586,23.14954159996489,001,3,L,23808,23040,23808,23040,269976,6316.591780821918,1
1458,113.3322014995996,23.150163599870268,000,0,NONE,0,0,0,0,0,0.0,1
1459,113.2924459001582,23.1500003998986,010,2,M,15872,15360,15872,15360,179984,4211.172602739726,1
1460,113.29864549988996,23.150842300232,100,1,S,7936,7680,7936,7680,89992,2105.419178082192,1
1461,113.2933030997583,23.15082730043963,100,1,S,7936,7680,7936,7680,89992,2105.419178082192,1
1462,113.38434219983276,23.15396740027535,100,1,S,7936,7680,7936,7680,89992,2105.419178082192,1
1463,113.3877720000778,23.154423200070653,000,0,NONE,0,0,0,0,0,0.0,1
1464,113.39662640028826,23.15510839983284,010,2,M,15872,15360,15872,15360,179984,4211.172602739726,1
1465,113.32746239976996,23.149591200273733,000,0,NONE,0,0,0,0,0,0.0,0
1466,113.48767449987838,23.15037440005858,010,2,M,15872,15360,15872,15360,179984,4211.172602739726,1
1467,113.4748251996233,23.154997499934723,100,1,S,7936,7680,7936,7680,89992,2105.419178082192,1
1468,113.47772899989354,23.15383529975935,100,1,S,7936,7680,7936,7680,89992,2105.419178082192,1
1469,113.4914271000806,23.14883459973703,010,2,M,15872,15360,15872,15360,179984,4211.172602739726,1
1470,113.51592789985273,23.14734780006097,001,3,L,23808,23040,23808,23040,269976,6316.591780821918,1
1471,113.4842851997023,23.15423160040808,000,0,NONE,0,0,0,0,0,0.0,1
1472,113.4839016001788,23.153885999939007,000,0,NONE,0,0,0,0,0,0.0,1
1473,113.48427260020036,23.15444909964629,100,1,S,7936,7680,7936,7680,89992,2105.419178082192,1
1474,113.48792210032468,23.15471949970521,000,0,NONE,0,0,0,0,0,0.0,1
1475,113.4863397000172,23.15717029976957,000,0,NONE,0,0,0,0,0,0.0,1
1476,113.48619540019764,23.157260499972157,000,0,NONE,0,0,0,0,0,0.0,0
1477,113.48649589966612,23.15738569999013,100,1,S,7936,7680,7936,7680,89992,2105.419178082192,1
1478,113.4865572999795,23.157690300367108,000,0,NONE,0,0,0,0,0,0.0,1
1479,113.48871750031242,23.158904799716765,010,2,M,15872,15360,15872,15360,179984,4211.172602739726,1
1480,113.4891665003338,23.162838300347342,100,1,S,7936,7680,7936,7680,89992,2105.419178082192,1
1481,113.18832559974668,23.155292599873636,100,1,S,7936,7680,7936,7680,89992,2105.419178082192,1
1482,113.24790009960998,23.15034700041377,100,1,S,7936,7680,7936,7680,89992,2105.419178082192,1
1483,113.25726900016434,23.154678700161924,010,2,M,15872,15360,15872,15360,179984,4211.172602739726,1
1484,113.25785970006518,23.15565909968774,000,0,NONE,0,0,0,0,0,0.0,0
1485,113.25766250032416,23.1557331004023,100,1,S,7936,7680,7936,7680,89992,2105.419178082192,1
1486,113.25018349986874,23.160308699886627,000,0,NONE,0,0,0,0,0,0.0,1
1487,113.25066939997294,23.1610614000636,000,0,NONE,0,0,0,0,0,0.0,0
1488,113.19504000019596,23.160877700045887,000,0,NONE,0,0,0,0,0,0.0,1
1489,113.3290248998793,23.15090790037937,000,0,NONE,0,0,0,0,0,0.0,1
1490,113.32916699995712,23.151241199921515,000,0,NONE,0,0,0,0,0,0.0,1
1491,113.32820639990553,23.15117630034604,000,0,NONE,0,0,0,0,0,0.0,1
1492,113.3281087002564,23.1512493999399,000,0,NONE,0,0,0,0,0,0.0,0
1493,113.3282001001545,23.15132250043308,000,0,NONE,0,0,0,0,0,0.0,1
1494,113.32828869956391,23.151371900193112,000,0,NONE,0,0,0,0,0,0.0,0
1495,113.3287831998848,23.15137080032224,000,0,NONE,0,0,0,0,0,0.0,0
1496,113.3281803996058,23.151425399962307,100,1,S,7936,7680,7936,7680,89992,2105.419178082192,1
1497,113.32735170042064,23.151504999855888,000,0,NONE,0,0,0,0,0,0.0,0
1498,113.32835219979428,23.15152399983276,000,0,NONE,0,0,0,0,0,0.0,1
1499,113.32823879978082,23.15156430025229,000,0,NONE,0,0,0,0,0,0.0,0
1500,113.32793459960214,23.151660800205832,001,3,L,23808,23040,23808,23040,269976,6316.591780821918,1
1501,113.32726150021811,23.15187409961004,100,1,S,7936,7680,7936,7680,89992,2105.419178082192,1
1502,113.3241590001378,23.15274960041376,001,3,L,23808,23040,23808,23040,269976,6316.591780821918,1
1503,113.32505090007908,23.152421400027663,000,0,NONE,0,0,0,0,0,0.0,0
1504,113.32540810000388,23.15238330024914,000,0,NONE,0,0,0,0,0,0.0,1
1505,113.32500830009305,23.152621400257487,000,0,NONE,0,0,0,0,0,0.0,0
1506,113.32217860036212,23.15410030028869,000,0,NONE,0,0,0,0,0,0.0,0
1507,113.38166449991684,23.153770400183877,010,2,M,15872,15360,15872,15360,179984,4211.172602739726,1
1508,113.38332309978124,23.154045699749304,000,0,NONE,0,0,0,0,0,0.0,0
1509,113.32183769975006,23.153950299666636,000,0,NONE,0,0,0,0,0,0.0,1
1510,113.3215809999632,23.154110700048815,000,0,NONE,0,0,0,0,0,0.0,1
1511,113.31881690037972,23.155974300373718,010,2,M,15872,15360,15872,15360,179984,4211.172602739726,1
1512,113.35691309955996,23.15543639967018,100,1,S,7936,7680,7936,7680,89992,2105.419178082192,1
1513,113.31468700040476,23.156613300163716,000,0,NONE,0,0,0,0,0,0.0,1
1514,113.29562170038128,23.157104300323223,100,1,S,7936,7680,7936,7680,89992,2105.419178082192,1
1515,113.31695029991648,23.15703179967784,000,0,NONE,0,0,0,0,0,0.0,0
1516,113.31803919994924,23.15602570022594,100,1,S,7936,7680,7936,7680,89992,2105.419178082192,1
1517,113.31882780016292,23.15608389985215,100,1,S,7936,7680,7936,7680,89992,2105.419178082192,1
1518,113.31693840008712,23.156809900056885,100,1,S,7936,7680,7936,7680,89992,2105.419178082192,1
1519,113.314886700261,23.156856100029017,100,1,S,7936,7680,7936,7680,89992,2105.419178082192,1
1520,113.31505209997454,23.15682909968325,000,0,NONE,0,0,0,0,0,0.0,0
1521,113.31568680010582,23.15692749990427,100,1,S,7936,7680,7936,7680,89992,2105.419178082192,1
1522,113.3166557998254,23.15697009989026,000,0,NONE,0,0,0,0,0,0.0,1
1523,113.31690250005045,23.157599299767924,000,0,NONE,0,0,0,0,0,0.0,0
1524,113.31662930040191,23.157217700336677,000,0,NONE,0,0,0,0,0,0.0,0
1525,113.30731779997654,23.1573463996167,001,3,L,23808,23040,23808,23040,269976,6316.591780821918,1
1526,113.31634970027848,23.15789679999739,000,0,NONE,0,0,0,0,0,0.0,0
1527,113.35871140011112,23.160164900090138,010,2,M,15872,15360,15872,15360,179984,4211.172602739726,1
1528,113.30065139994224,23.15786530034336,000,0,NONE,0,0,0,0,0,0.0,1
1529,113.2675225997882,23.16090850002729,000,0,NONE,0,0,0,0,0,0.0,1
1530,113.35703280022358,23.164387600207647,000,0,NONE,0,0,0,0,0,0.0,1
1531,113.32534879960748,23.16469640041862,000,0,NONE,0,0,0,0,0,0.0,1
1532,113.32608490009808,23.16645510022272,000,0,NONE,0,0,0,0,0,0.0,0
1533,113.32647719966316,23.16642470043962,000,0,NONE,0,0,0,0,0,0.0,1
1534,113.32679700038136,23.167071400224984,000,0,NONE,0,0,0,0,0,0.0,1
1535,113.3262465001759,23.166874499958283,100,1,S,7936,7680,7936,7680,89992,2105.419178082192,1
1536,113.48967029964469,23.168117899921185,100,1,S,7936,7680,7936,7680,89992,2105.419178082192,1
1537,113.4884925996538,23.17215509957822,100,1,S,7936,7680,7936,7680,89992,2105.419178082192,1
1538,113.48839480017988,23.173059400271143,000,0,NONE,0,0,0,0,0,0.0,1
1539,113.25838059998478,23.157909799697563,001,3,L,23808,23040,23808,23040,269976,6316.591780821918,1
1540,113.25821969957951,23.159078000149638,100,1,S,7936,7680,7936,7680,89992,2105.419178082192,1
1541,113.25831270027096,23.15908339967922,000,0,NONE,0,0,0,0,0,0.0,0
1542,113.19130849988744,23.15782549994691,010,2,M,15872,15360,15872,15360,179984,4211.172602739726,1
1543,113.25815139966744,23.159687899676896,000,0,NONE,0,0,0,0,0,0.0,0
1544,113.25797820013383,23.159880000261865,000,0,NONE,0,0,0,0,0,0.0,1
1545,113.25772970036542,23.16146489978536,100,1,S,7936,7680,7936,7680,89992,2105.419178082192,1
1546,113.25841010044589,23.161328100311607,100,1,S,7936,7680,7936,7680,89992,2105.419178082192,1
1547,113.21815620014854,23.16365449985534,000,0,NONE,0,0,0,0,0,0.0,1
1548,113.19744529996068,23.16328900008733,010,2,M,15872,15360,15872,15360,179984,4211.172602739726,1
1549,113.26518659998167,23.161634199858497,000,0,NONE,0,0,0,0,0,0.0,0
1550,113.25762009998766,23.162012200202923,000,0,NONE,0,0,0,0,0,0.0,1
1551,113.2650142997702,23.16167550032412,000,0,NONE,0,0,0,0,0,0.0,1
1552,113.25839330021074,23.162227700248195,000,0,NONE,0,0,0,0,0,0.0,0
1553,113.25872120022323,23.16216649958432,100,1,S,7936,7680,7936,7680,89992,2105.419178082192,1
1554,113.2520959001058,23.16271959972977,100,1,S,7936,7680,7936,7680,89992,2105.419178082192,1
1555,113.25033630008022,23.16396320024154,100,1,S,7936,7680,7936,7680,89992,2105.419178082192,1
1556,113.25475540044148,23.16369640016876,000,0,NONE,0,0,0,0,0,0.0,1
1557,113.2573840998964,23.1628472000383,000,0,NONE,0,0,0,0,0,0.0,0
1558,113.25816829972734,23.16302849976552,000,0,NONE,0,0,0,0,0,0.0,1
1559,113.26624679994995,23.16410740023639,000,0,NONE,0,0,0,0,0,0.0,1
1560,113.26612369984888,23.16419549962268,010,2,M,15872,15360,15872,15360,179984,4211.172602739726,1
1561,113.25720880044582,23.163187699552736,100,1,S,7936,7680,7936,7680,89992,2105.419178082192,1
1562,113.25523830040731,23.16387509995593,100,1,S,7936,7680,7936,7680,89992,2105.419178082192,1
1563,113.25705600023424,23.16509039970225,100,1,S,7936,7680,7936,7680,89992,2105.419178082192,1
1564,113.24906269998372,23.16639849959114,000,0,NONE,0,0,0,0,0,0.0,1
1565,113.25669659966844,23.16547269970539,100,1,S,7936,7680,7936,7680,89992,2105.419178082192,1
1566,113.25651439971978,23.16601089988319,000,0,NONE,0,0,0,0,0,0.0,1
1567,113.24926819956784,23.165872399791454,000,0,NONE,0,0,0,0,0,0.0,1
1568,113.24675059966046,23.16708079993901,010,2,M,15872,15360,15872,15360,179984,4211.172602739726,1
1569,113.25656469970124,23.16624630012672,000,0,NONE,0,0,0,0,0,0.0,0
1570,113.2561345000072,23.16665649979768,000,0,NONE,0,0,0,0,0,0.0,0
1571,113.20759659990324,23.167146599735812,100,1,S,7936,7680,7936,7680,89992,2105.419178082192,1
1572,113.214946499981,23.166682400272578,000,0,NONE,0,0,0,0,0,0.0,1
1573,113.21889770016878,23.16979129992859,000,0,NONE,0,0,0,0,0,0.0,1
1574,113.329376899924,23.167833099917686,000,0,NONE,0,0,0,0,0,0.0,0
1575,113.32780409987936,23.167651399992167,100,1,S,7936,7680,7936,7680,89992,2105.419178082192,1
1576,113.3226992997329,23.1690338998946,000,0,NONE,0,0,0,0,0,0.0,0
1577,113.32319389987867,23.169042599936063,000,0,NONE,0,0,0,0,0,0.0,1
1578,113.33145419985146,23.169125699991127,000,0,NONE,0,0,0,0,0,0.0,1
1579,113.33130749974134,23.169386399962438,010,2,M,15872,15360,15872,15360,179984,4211.172602739726,1
1580,113.32225139958246,23.16941569987472,000,0,NONE,0,0,0,0,0,0.0,0
1581,113.322800799917,23.16906200011124,000,0,NONE,0,0,0,0,0,0.0,1
1582,113.32255549993648,23.169097900148017,000,0,NONE,0,0,0,0,0,0.0,1
1583,113.32307639985606,23.169213200428885,000,0,NONE,0,0,0,0,0,0.0,0
1584,113.32317780021538,23.16934370015167,000,0,NONE,0,0,0,0,0,0.0,1
1585,113.32331180009952,23.169529900284715,000,0,NONE,0,0,0,0,0,0.0,1
1586,113.32315260031235,23.169507400146472,000,0,NONE,0,0,0,0,0,0.0,0
1587,113.32232340020482,23.16942649983315,000,0,NONE,0,0,0,0,0,0.0,1
1588,113.32232450007564,23.169563700404524,000,0,NONE,0,0,0,0,0,0.0,0
1589,113.32239330001084,23.169655299952183,000,0,NONE,0,0,0,0,0,0.0,0
1590,113.32234910013096,23.169845199896088,000,0,NONE,0,0,0,0,0,0.0,0
1591,113.3229162998474,23.1697907000808,000,0,NONE,0,0,0,0,0,0.0,0
1592,113.3226127004159,23.169807699965418,000,0,NONE,0,0,0,0,0,0.0,0
1593,113.322811900249,23.16984929990531,000,0,NONE,0,0,0,0,0,0.0,0
1594,113.32295339957976,23.1698673996608,000,0,NONE,0,0,0,0,0,0.0,0
1595,113.32265030017128,23.169951800135493,000,0,NONE,0,0,0,0,0,0.0,0
1596,113.32648720012423,23.17146889976993,000,0,NONE,0,0,0,0,0,0.0,0
1597,113.32650410018414,23.1716113002214,000,0,NONE,0,0,0,0,0,0.0,1
1598,113.3354762998914,23.17263390043422,000,0,NONE,0,0,0,0,0,0.0,1
1599,113.33902880003916,23.17304310005909,100,1,S,7936,7680,7936,7680,89992,2105.419178082192,1
1600,113.33951680006032,23.17323910010441,001,3,L,23808,23040,23808,23040,269976,6316.591780821918,1
1601,113.248254099747,23.168079300119643,000,0,NONE,0,0,0,0,0,0.0,0
1602,113.25564700000903,23.167711200411645,010,2,M,15872,15360,15872,15360,179984,4211.172602739726,1
1603,113.24767879983676,23.169961900421413,000,0,NONE,0,0,0,0,0,0.0,1
1604,113.21901770030672,23.173353699813447,000,0,NONE,0,0,0,0,0,0.0,1
1605,113.25540789995466,23.1707124997821,001,3,L,23808,23040,23808,23040,269976,6316.591780821918,1
1606,113.25523619959095,23.172067100016704,000,0,NONE,0,0,0,0,0,0.0,0
1607,113.25482380017831,23.173804699927015,000,0,NONE,0,0,0,0,0,0.0,0
1608,113.25501329992392,23.173816099733244,000,0,NONE,0,0,0,0,0,0.0,1
1609,113.25469989968065,23.17624160006983,001,3,L,23808,23040,23808,23040,269976,6316.591780821918,1
1610,113.25449950015184,23.17622090037429,000,0,NONE,0,0,0,0,0,0.0,1
1611,113.48633069960216,23.180152700386884,100,1,S,7936,7680,7936,7680,89992,2105.419178082192,1
1612,113.48608670004126,23.18050790021948,100,1,S,7936,7680,7936,7680,89992,2105.419178082192,1
1613,113.48589880018947,23.18734210025775,000,0,NONE,0,0,0,0,0,0.0,1
1614,113.31943449990229,23.18654649972126,100,1,S,7936,7680,7936,7680,89992,2105.419178082192,1
1615,113.31992280029704,23.186971299885613,000,0,NONE,0,0,0,0,0,0.0,0
1616,113.32011459960916,23.187143500272384,000,0,NONE,0,0,0,0,0,0.0,1
1617,113.31996929974343,23.187333699690555,100,1,S,7936,7680,7936,7680,89992,2105.419178082192,1
1618,113.36226750024504,23.1954280001022,000,0,NONE,0,0,0,0,0,0.0,0
1619,113.36824270024044,23.194528300340835,100,1,S,7936,7680,7936,7680,89992,2105.419178082192,1
1620,113.36198530018156,23.19558640039213,000,0,NONE,0,0,0,0,0,0.0,1
1621,113.2561335997858,23.193528200266257,010,2,M,15872,15360,15872,15360,179984,4211.172602739726,1
1622,113.2742294998916,23.18585989971467,000,0,NONE,0,0,0,0,0,0.0,1
1623,113.27404820016432,23.185978899806457,100,1,S,7936,7680,7936,7680,89992,2105.419178082192,1
1624,113.25468949992056,23.185362400154705,001,3,L,23808,23040,23808,23040,269976,6316.591780821918,1
1625,113.25537879969193,23.189120999734428,000,0,NONE,0,0,0,0,0,0.0,1
1626,113.25523599994152,23.18861559963028,000,0,NONE,0,0,0,0,0,0.0,1
1627,113.25537719979798,23.1895977995988,000,0,NONE,0,0,0,0,0,0.0,1
1628,113.25889489977988,23.205376799699597,010,2,M,15872,15360,15872,15360,179984,4211.172602739726,1
1629,113.25787390036032,23.206312400397,000,0,NONE,0,0,0,0,0,0.0,1
1630,113.27367799964009,23.207017700006872,000,0,NONE,0,0,0,0,0,0.0,1
1631,113.27359069975104,23.20689760004427,000,0,NONE,0,0,0,0,0,0.0,1
1632,113.27465199959022,23.206674200354087,000,0,NONE,0,0,0,0,0,0.0,0
1633,113.27529239962462,23.20664579976392,000,0,NONE,0,0,0,0,0,0.0,1
1634,113.25804950018436,23.208658499590115,000,0,NONE,0,0,0,0,0,0.0,1
1635,113.258284199856,23.208696399719145,010,2,M,15872,15360,15872,15360,179984,4211.172602739726,1
1636,113.49376740044522,23.19150619965143,000,0,NONE,0,0,0,0,0,0.0,1
1637,113.48577500041596,23.192302499860546,100,1,S,7936,7680,7936,7680,89992,2105.419178082192,1
1638,113.49057470016236,23.193307399616856,000,0,NONE,0,0,0,0,0,0.0,1
1639,113.48621469964873,23.196175000376,001,3,L,23808,23040,23808,23040,269976,6316.591780821918,1
1640,113.4788949997045,23.195837699750086,100,1,S,7936,7680,7936,7680,89992,2105.419178082192,1
1641,113.47890679970908,23.19599290025218,000,0,NONE,0,0,0,0,0,0.0,1
1642,113.48275220005404,23.2004928002026,000,0,NONE,0,0,0,0,0,0.0,1
1643,113.46207259987068,23.20615059977041,000,0,NONE,0,0,0,0,0,0.0,1
1644,113.45869440002662,23.20748949964076,100,1,S,7936,7680,7936,7680,89992,2105.419178082192,1
1645,113.47724540025511,23.21145800008668,100,1,S,7936,7680,7936,7680,89992,2105.419178082192,1
1646,113.47787269986532,23.211952299858808,000,0,NONE,0,0,0,0,0,0.0,1
1647,113.47807120002597,23.21180619959648,000,0,NONE,0,0,0,0,0,0.0,0
1648,113.48064579986384,23.213580199566596,100,1,S,7936,7680,7936,7680,89992,2105.419178082192,1
1649,113.47884690036426,23.217533200197067,010,2,M,15872,15360,15872,15360,179984,4211.172602739726,1
1650,113.3204361000461,23.202031800127543,000,0,NONE,0,0,0,0,0,0.0,1
1651,113.28118239964806,23.199400300183758,000,0,NONE,0,0,0,0,0,0.0,1
1652,113.3634973995854,23.205282000364093,100,1,S,7936,7680,7936,7680,89992,2105.419178082192,1
1653,113.28164330039806,23.202630500397333,000,0,NONE,0,0,0,0,0,0.0,1
1654,113.28090140017956,23.20353289992346,100,1,S,7936,7680,7936,7680,89992,2105.419178082192,1
1655,113.28075439969588,23.203371100196197,100,1,S,7936,7680,7936,7680,89992,2105.419178082192,1
1656,113.27985500030807,23.204201699648763,000,0,NONE,0,0,0,0,0,0.0,0
1657,113.27872629987894,23.20471750041236,000,0,NONE,0,0,0,0,0,0.0,1
1658,113.28274780007098,23.20585320026504,000,0,NONE,0,0,0,0,0,0.0,1
1659,113.359208899671,23.211532400100225,100,1,S,7936,7680,7936,7680,89992,2105.419178082192,1
1660,113.37805980041946,23.211931199964965,000,0,NONE,0,0,0,0,0,0.0,1
1661,113.37951410039544,23.212147899705883,100,1,S,7936,7680,7936,7680,89992,2105.419178082192,1
1662,113.25838160003092,23.21117139964042,000,0,NONE,0,0,0,0,0,0.0,1
1663,113.25854470017782,23.21441079991854,100,1,S,7936,7680,7936,7680,89992,2105.419178082192,1
1664,113.25779440029136,23.22145260035728,000,0,NONE,0,0,0,0,0,0.0,0
1665,113.257929300397,23.22146889967001,000,0,NONE,0,0,0,0,0,0.0,1
1666,113.25843519962484,23.216412199763283,000,0,NONE,0,0,0,0,0,0.0,1
1667,113.26413750034544,23.2209678001239,000,0,NONE,0,0,0,0,0,0.0,1
1668,113.25812159973214,23.220689399696084,001,3,L,23808,23040,23808,23040,269976,6316.591780821918,1
1669,113.25791100009268,23.22066689955784,000,0,NONE,0,0,0,0,0,0.0,1
1670,113.2067975001046,23.22658840013463,000,0,NONE,0,0,0,0,0,0.0,1
1671,113.26439250041358,23.22164610028733,000,0,NONE,0,0,0,0,0,0.0,1
1672,113.26802270018754,23.23198990011383,000,0,NONE,0,0,0,0,0,0.0,1
1673,113.26809150012276,23.232275700163484,000,0,NONE,0,0,0,0,0,0.0,1
1674,113.2684384999369,23.23270449961302,000,0,NONE,0,0,0,0,0,0.0,1
1675,113.2682295001913,23.23267369963156,000,0,NONE,0,0,0,0,0,0.0,1
1676,113.7716616997277,23.179452400108232,000,0,NONE,0,0,0,0,0,0.0,1
1677,113.5948159998586,23.163732099656727,100,1,S,7936,7680,7936,7680,89992,2105.419178082192,1
1678,113.70310349962688,23.16604889983688,100,1,S,7936,7680,7936,7680,89992,2105.419178082192,1
1679,113.771132499965,23.18086700041181,000,0,NONE,0,0,0,0,0,0.0,1
1680,113.7708297998554,23.183201599973927,100,1,S,7936,7680,7936,7680,89992,2105.419178082192,1
1681,113.7703791001154,23.186761200269245,100,1,S,7936,7680,7936,7680,89992,2105.419178082192,1
1682,113.71887190031804,23.19693109999031,010,2,M,15872,15360,15872,15360,179984,4211.172602739726,1
1683,113.71934009996572,23.19711820034473,000,0,NONE,0,0,0,0,0,0.0,1
1684,113.72191290026024,23.199390899570403,000,0,NONE,0,0,0,0,0,0.0,1
1685,113.77724279971552,23.20612570024093,010,2,M,15872,15360,15872,15360,179984,4211.172602739726,1
1686,113.8556400002858,23.20454999988266,000,0,NONE,0,0,0,0,0,0.0,1
1687,113.8541453998904,23.206295600161862,000,0,NONE,0,0,0,0,0,0.0,1
1688,113.86050359956153,23.23927379984605,100,1,S,7936,7680,7936,7680,89992,2105.419178082192,1
1689,113.78803489989082,23.227403300122266,010,2,M,15872,15360,15872,15360,179984,4211.172602739726,1
1690,113.78782549994696,23.227483099665392,000,0,NONE,0,0,0,0,0,0.0,0
1691,113.78620769962572,23.232061800012104,100,1,S,7936,7680,7936,7680,89992,2105.419178082192,1
1692,113.69108629979291,23.27474450025852,000,0,NONE,0,0,0,0,0,0.0,1
1693,113.69317489970194,23.2748112002767,001,3,L,23808,23040,23808,23040,269976,6316.591780821918,1
1694,113.68653960002256,23.275201700298283,001,3,L,23808,23040,23808,23040,269976,6316.591780821918,1
1695,113.55554519975124,23.278062299835312,001,3,L,23808,23040,23808,23040,269976,6316.591780821918,1
1696,113.55728310003508,23.27898280001625,000,0,NONE,0,0,0,0,0,0.0,1
1697,113.57378319993484,23.28065779991761,100,1,S,7936,7680,7936,7680,89992,2105.419178082192,1
1698,113.57710399964992,23.28143629984544,000,0,NONE,0,0,0,0,0,0.0,1
1699,113.57662979972554,23.281384599619628,000,0,NONE,0,0,0,0,0,0.0,0
1700,113.59336250027924,23.286761000419855,100,1,S,7936,7680,7936,7680,89992,2105.419178082192,1
1701,113.6058210999638,23.28789580005116,001,3,L,23808,23040,23808,23040,269976,6316.591780821918,1
1702,113.56398280016616,23.28144289996993,010,2,M,15872,15360,15872,15360,179984,4211.172602739726,1
1703,113.57917020014465,23.28334529974586,000,0,NONE,0,0,0,0,0,0.0,1
1704,113.5801504998458,23.284156699572065,000,0,NONE,0,0,0,0,0,0.0,0
1705,113.58299239977951,23.285842000308094,010,2,M,15872,15360,15872,15360,179984,4211.172602739726,1
1706,113.58291689989504,23.28599640041358,000,0,NONE,0,0,0,0,0,0.0,1
1707,113.5566360998762,23.29505680023118,000,0,NONE,0,0,0,0,0,0.0,1
1708,113.55652290041157,23.295192300184567,100,1,S,7936,7680,7936,7680,89992,2105.419178082192,1
1709,113.56347480012198,23.2970597001451,000,0,NONE,0,0,0,0,0,0.0,1
1710,113.56536859968116,23.29979859982558,100,1,S,7936,7680,7936,7680,89992,2105.419178082192,1
1711,113.7983287999342,23.2809542002762,000,0,NONE,0,0,0,0,0,0.0,1
1712,113.8080611003396,23.281433199882315,001,3,L,23808,23040,23808,23040,269976,6316.591780821918,1
1713,113.80285749977384,23.28250269973984,000,0,NONE,0,0,0,0,0,0.0,1
1714,113.7772502002366,23.28394490023703,001,3,L,23808,23040,23808,23040,269976,6316.591780821918,1
1715,113.84828169964078,23.3152531002504,100,1,S,7936,7680,7936,7680,89992,2105.419178082192,1
1716,113.84932649961831,23.32050180001812,000,0,NONE,0,0,0,0,0,0.0,1
1717,113.84919080001544,23.32062469957026,001,3,L,23808,23040,23808,23040,269976,6316.591780821918,1
1718,113.84847790023504,23.37335499983345,100,1,S,7936,7680,7936,7680,89992,2105.419178082192,1
1719,113.85225749988376,23.369686899930517,000,0,NONE,0,0,0,0,0,0.0,1
1720,113.85170420008888,23.370022599763217,000,0,NONE,0,0,0,0,0,0.0,0
1721,113.78931300019484,23.40356659981876,100,1,S,7936,7680,7936,7680,89992,2105.419178082192,1
1722,113.8259847002338,23.39787640037565,000,0,NONE,0,0,0,0,0,0.0,1
1723,113.82610590006732,23.39798459960963,100,1,S,7936,7680,7936,7680,89992,2105.419178082192,1
1724,113.81058430032522,23.411103100227933,000,0,NONE,0,0,0,0,0,0.0,1
1725,113.81662089973474,23.412810400179865,000,0,NONE,0,0,0,0,0,0.0,1
1726,113.81548510005734,23.414190099593498,000,0,NONE,0,0,0,0,0,0.0,0
1727,113.81668230004811,23.41523350022589,010,2,M,15872,15360,15872,15360,179984,4211.172602739726,1
1728,113.82094700030392,23.41610420044856,100,1,S,7936,7680,7936,7680,89992,2105.419178082192,1
1729,113.81670120020031,23.419969799566672,000,0,NONE,0,0,0,0,0,0.0,0
1730,113.81652780011792,23.420250899759253,100,1,S,7936,7680,7936,7680,89992,2105.419178082192,1
1731,113.7566506999699,23.47834239958212,100,1,S,7936,7680,7936,7680,89992,2105.419178082192,1
1732,113.6674354996486,23.506273799995935,100,1,S,7936,7680,7936,7680,89992,2105.419178082192,1
1733,113.67651009976134,23.50642119977857,010,2,M,15872,15360,15872,15360,179984,4211.172602739726,1
1734,113.67120080007692,23.506709800317083,100,1,S,7936,7680,7936,7680,89992,2105.419178082192,1
1735,113.67188909980224,23.50675519989261,000,0,NONE,0,0,0,0,0,0.0,0
1736,113.67185059982536,23.50714910025084,000,0,NONE,0,0,0,0,0,0.0,0
1737,113.67113879991577,23.507169799946382,000,0,NONE,0,0,0,0,0,0.0,0
1738,113.58985389963776,23.51936180010705,100,1,S,7936,7680,7936,7680,89992,2105.419178082192,1
1739,113.58279949969722,23.520224199587176,100,1,S,7936,7680,7936,7680,89992,2105.419178082192,1
1740,113.59714279960052,23.527625100218245,010,2,M,15872,15360,15872,15360,179984,4211.172602739726,1
1741,113.59702209979014,23.527691499862897,100,1,S,7936,7680,7936,7680,89992,2105.419178082192,1
1742,113.63767169998904,23.52393800033849,010,2,M,15872,15360,15872,15360,179984,4211.172602739726,1
1743,113.58036900002936,23.53892080005494,100,1,S,7936,7680,7936,7680,89992,2105.419178082192,1
1744,113.5804743996739,23.53899210010536,000,0,NONE,0,0,0,0,0,0.0,1
1745,113.5760292999123,23.541806800043844,010,2,M,15872,15360,15872,15360,179984,4211.172602739726,1
1746,113.57613370040995,23.541904300043484,010,2,M,15872,15360,15872,15360,179984,4211.172602739726,1
1747,113.60375490036849,23.536897599744464,000,0,NONE,0,0,0,0,0,0.0,1
1748,113.60363249993998,23.53705380029271,000,0,NONE,0,0,0,0,0,0.0,1
1749,113.83511869966831,23.39361980031356,000,0,NONE,0,0,0,0,0,0.0,0
1750,113.83531700017944,23.393682199773764,010,2,M,15872,15360,15872,15360,179984,4211.172602739726,1
1751,113.8177373001364,23.408518499928903,000,0,NONE,0,0,0,0,0,0.0,1
1752,113.82285390028731,23.416544000405334,000,0,NONE,0,0,0,0,0,0.0,1
1753,113.8710271999454,23.42595209970966,100,1,S,7936,7680,7936,7680,89992,2105.419178082192,1
1754,113.86405420034112,23.424502299941253,010,2,M,15872,15360,15872,15360,179984,4211.172602739726,1
1755,113.86532959998112,23.42521850023365,000,0,NONE,0,0,0,0,0,0.0,0
1756,113.87083529990925,23.42572629972898,000,0,NONE,0,0,0,0,0,0.0,0
1757,113.87059099997477,23.42576760019466,100,1,S,7936,7680,7936,7680,89992,2105.419178082192,1
1758,113.86624430043425,23.428818300224407,001,3,L,23808,23040,23808,23040,269976,6316.591780821918,1
1759,113.87153219985125,23.42929569993663,100,1,S,7936,7680,7936,7680,89992,2105.419178082192,1
1760,113.87249940002732,23.43071330037856,000,0,NONE,0,0,0,0,0,0.0,1
1761,113.77327950004894,23.46250669992429,100,1,S,7936,7680,7936,7680,89992,2105.419178082192,1
1762,113.76763189969245,23.463782800136187,000,0,NONE,0,0,0,0,0,0.0,1
1763,113.76800449960808,23.4649817996704,000,0,NONE,0,0,0,0,0,0.0,1
1764,113.46799730023533,23.42158750006314,000,0,NONE,0,0,0,0,0,0.0,1
1765,113.4676659998861,23.421517500432344,100,1,S,7936,7680,7936,7680,89992,2105.419178082192,1
1766,113.47238089985863,23.428979000080854,000,0,NONE,0,0,0,0,0,0.0,1
1767,113.47274400023548,23.42921009976635,100,1,S,7936,7680,7936,7680,89992,2105.419178082192,1
1768,113.4743842997957,23.43267150038946,000,0,NONE,0,0,0,0,0,0.0,1
1769,113.44979090042978,23.446304100254054,100,1,S,7936,7680,7936,7680,89992,2105.419178082192,1
1770,113.47483549955872,23.43337529993022,000,0,NONE,0,0,0,0,0,0.0,1
1771,113.44798809967108,23.447673999755352,000,0,NONE,0,0,0,0,0,0.0,0
1772,113.47792420044152,23.435779599648868,000,0,NONE,0,0,0,0,0,0.0,1
1773,113.47779030038214,23.435906199911244,010,2,M,15872,15360,15872,15360,179984,4211.172602739726,1
1774,113.4845452000011,23.44526839961702,000,0,NONE,0,0,0,0,0,0.0,1
1775,113.48437449968344,23.445295899985865,001,3,L,23808,23040,23808,23040,269976,6316.591780821918,1
1776,113.4404788001566,23.446958500034786,010,2,M,15872,15360,15872,15360,179984,4211.172602739726,1
1777,113.44043169996304,23.44715740039379,000,0,NONE,0,0,0,0,0,0.0,1
1778,113.48711500015725,23.45664539996528,010,2,M,15872,15360,15872,15360,179984,4211.172602739726,1
1779,113.48694219992262,23.456674000205,000,0,NONE,0,0,0,0,0,0.0,1
1780,113.5073936996596,23.476092800342485,010,2,M,15872,15360,15872,15360,179984,4211.172602739726,1
1781,113.51409680012728,23.478239199679365,100,1,S,7936,7680,7936,7680,89992,2105.419178082192,1
1782,113.52198219971876,23.484672900134285,010,2,M,15872,15360,15872,15360,179984,4211.172602739726,1
1783,113.52607009955555,23.48978979975948,100,1,S,7936,7680,7936,7680,89992,2105.419178082192,1
1784,113.52630580017262,23.489662599649307,100,1,S,7936,7680,7936,7680,89992,2105.419178082192,1
1785,113.53241440020452,23.522416299772487,001,3,L,23808,23040,23808,23040,269976,6316.591780821918,1
1786,113.50208649989212,23.58059689992706,010,2,M,15872,15360,15872,15360,179984,4211.172602739726,1
1787,113.50209619997976,23.580487099899813,000,0,NONE,0,0,0,0,0,0.0,1
1788,113.46720860019684,23.58847689998902,010,2,M,15872,15360,15872,15360,179984,4211.172602739726,1
1789,113.25586090016044,23.59668489988826,100,1,S,7936,7680,7936,7680,89992,2105.419178082192,1
1790,113.40975429972129,23.63839870023986,000,0,NONE,0,0,0,0,0,0.0,1
1791,113.40989649962388,23.638713200353948,000,0,NONE,0,0,0,0,0,0.0,1
1792,113.41007999999204,23.62603659960945,100,1,S,7936,7680,7936,7680,89992,2105.419178082192,1
1793,113.29726519972928,23.55662479989468,000,0,NONE,0,0,0,0,0,0.0,1
1794,113.299519700274,23.56105859967471,000,0,NONE,0,0,0,0,0,0.0,1
1795,113.2979204997314,23.56030550019875,000,0,NONE,0,0,0,0,0,0.0,1
1796,113.71725600026424,23.573443099719327,001,3,L,23808,23040,23808,23040,269976,6316.591780821918,1
1797,113.71815019977193,23.57789409993279,000,0,NONE,0,0,0,0,0,0.0,1
1798,113.72188100040783,23.579209399794024,100,1,S,7936,7680,7936,7680,89992,2105.419178082192,1
1799,113.72153999997111,23.581437700389586,100,1,S,7936,7680,7936,7680,89992,2105.419178082192,1
1800,113.71882559962182,23.581490100287965,000,0,NONE,0,0,0,0,0,0.0,1
1801,113.63801240005228,23.61090389999504,010,2,M,15872,15360,15872,15360,179984,4211.172602739726,1
1802,113.63792040030626,23.610989699814866,100,1,S,7936,7680,7936,7680,89992,2105.419178082192,1
1803,113.64625909957785,23.6155664998941,010,2,M,15872,15360,15872,15360,179984,4211.172602739726,1
1804,113.64596439983724,23.61563899964017,000,0,NONE,0,0,0,0,0,0.0,1
1805,113.66426009962402,23.64578570005005,100,1,S,7936,7680,7936,7680,89992,2105.419178082192,1
1806,113.66160029981404,23.64770110042548,000,0,NONE,0,0,0,0,0,0.0,1
1807,113.65895969963049,23.69457700032837,100,1,S,7936,7680,7936,7680,89992,2105.419178082192,1
1808,113.89514340014784,23.822075699833704,100,1,S,7936,7680,7936,7680,89992,2105.419178082192,1
1809,114.00559740000006,23.874711699885097,000,0,NONE,0,0,0,0,0,0.0,1
